-2.943720905779782793e-02
-6.219650264481229041e-01
2.868302089211086786e-02
1.045702204622520476e-01
-7.552386549319020093e-01
-5.991459131688842837e-02
3.006318573864857902e-01
7.444950607989286873e-01
-4.101607506811472681e-01
-7.007462941659978184e-03
-2.750320261816153744e-01
-8.836754899686771747e-01
-2.790878852744047012e-01
9.949695345779133171e-02
-9.914187390051324433e-01
2.358494944420982953e-01
1.309249343947463395e-02
-1.473292847289888741e-01
-1.650660100834725474e-01
-7.257869522057425193e-01
-2.804998060555234929e-01
-9.862120873631086138e-03
-7.962747680770129177e-01
4.105995276923924964e-01
4.306230254568230720e-01
5.784182899513864440e-01
-6.002347582639707690e-01
4.284094503881999416e-02
-1.582643529891171741e-01
-9.477097620210849227e-01
4.232977734796162378e-02
-3.890251988727659871e-01
1.806217932883390498e-01
-2.767284328234531632e-02
-2.468527191004791510e-01
5.033337092180073524e-01
-2.116147965615996496e-01
-3.131094360443341107e-01
-5.620464977056180977e-01
3.509903871533178732e-01
2.420979573182654720e-01
-1.661907959497958276e-01
-5.572072746815608379e-01
3.652479076359911314e-01
9.798027824312018907e-01
7.410375746068228464e-01
8.321610272599895275e-01
3.204440834026053286e-01
-2.952018796429687897e-01
1.784674716639566561e-01
1.189058686909846285e-01
8.737512952053700932e-01
-5.310141530546546029e-01
-5.205361398287214336e-03
-7.482307234107720140e-01
2.776414885978252811e-01
4.796306719913438488e-01
-3.060706514044370663e-01
-2.649450455902371826e-01
-5.343405712601769775e-01
3.178503896638164017e-01
-3.603077389969067124e-01
-5.467426546748807015e-01
8.056197774717951399e-01
-6.858498965801438363e-01
-4.677574524423402380e-01
-7.432187567942255546e-02
-8.072172229269761745e-01
-7.134041083292947949e-01
-1.697362001248632069e-01
8.557472072298566435e-01
-2.452130356739073425e-01
7.416520451296157446e-02
5.744637568892349000e-01
-9.413602332753667756e-01
-1.860983593245626178e-01
-7.960283689240568172e-01
8.692024230538304419e-01
-3.076182134497444653e-03
2.026842233489775658e-02
4.074877725821703933e-01
-6.784187180343774770e-01
-2.919597729057134550e-01
-1.224558916488490828e-01
3.516281068498622320e-01
-1.900002739009822861e-01
3.273650547237274555e-01
1.257289998168259482e-02
-3.250017275317522158e-01
1.658515593371819308e-01
-1.791911703904097986e-01
2.005304758004698429e-01
4.462085607347316962e-01
-2.140239601685729187e-01
1.532376665667952165e-01
-1.290222860671015326e-01
-8.754103597424575667e-02
2.170995617982079406e-01
-5.869481735797156541e-02
2.836698246540241275e-01
-5.743280102439243251e-01
5.364876032566041619e-01
-7.825399604486553695e-01
-3.692810868971158067e-02
1.128758554091421201e-01
4.807507709870632584e-01
-1.385978224554859639e-02
3.571525273302992298e-01
1.528364770093641467e-01
7.367427110529084500e-02
-3.928359071224611643e-02
3.487720147289240236e-02
-5.126428549041348592e-01
-1.301133386299875849e-01
-2.866973617985606460e-01
1.835531709939622891e-01
7.796547094991482241e-02
-2.765742592453081516e-01
-1.626580432281327648e-01
-1.937083427807358704e-01
-5.527047551674289100e-02
1.534845020557357442e-01
-7.220799999100299682e-02
-1.158612993979440398e-01
1.491771598836826307e-01
2.319026015300998667e-01
-1.153973462293362839e-01
-5.077602969036880687e-01
-6.861457716684084274e-02
-2.449468414347804324e-01
-1.206158994295002396e-01
1.280604741235043809e-01
5.529835931464127663e-01
1.120069390133028309e-01
3.909712489086166753e-01
4.325554589965566743e-01
1.031203876048208817e-01
3.576878565123283726e-01
3.791145662327312371e-02
-2.402112863101639739e-01
1.457612603032035492e-01
-3.426808538082788402e-01
3.593100136921623805e-02
3.823525669662218851e-01
-2.070629035112723781e-01
-2.037576801569728202e-01
-3.286253600364156813e-01
2.117102927470916052e-01
-3.600887770623865253e-02
-1.172245230179381204e-01
1.640989884089912865e-01
-2.513455928286196239e-01
-9.956715052155014345e-02
-1.317286119840816727e-01
-9.608355349318417615e-02
-2.365076768013814890e-01
-7.227368403787291784e-02
1.544122323847757494e-01
-7.044192491974324843e-01
-2.071698902649942928e-02
-1.955351324399807189e-01
-1.434159406334286485e-02
4.420274740840594019e-01
1.053447568941703882e-01
-1.698532971386808310e-01
-6.826266591545704365e-02
2.760432839391959714e-01
-2.262652707189762302e-01
-2.416952874778069971e-01
-2.941146843378781295e-01
-4.770766317795122058e-02
3.041468832355631591e-01
8.577731759738255191e-02
1.039843755723078578e-01
9.611163729626787111e-02
-1.426144625758911655e-01
9.102327319373849923e-02
2.121670218303877697e-01
1.551904661693538356e-01
-1.388874015730124645e-01
-1.301149850485004422e-01
1.079176289041181708e-01
1.792005562362973814e-01
8.202842478765881573e-02
-9.276911747764580995e-02
2.175997993853442947e-02
1.201881131947432277e-02
6.128829445342738325e-01
-4.569315803459720327e-01
-1.432377294005259816e-01
2.095059667410588133e-01
7.109263292273249046e-02
-1.173683051501179797e-01
-1.000785748083269366e-01
1.078534959259686704e-02
3.606039451493323056e-02
5.832076834679580934e-02
1.411784499405965287e-01
1.032321029962660619e-01
-1.726473923127539722e-01
-4.214026460782426264e-01
-6.704322846896242361e-01
1.552180571110205187e-01
9.919232902831490173e-02
-2.433587117455351945e-01
9.120415334638466709e-02
2.720687273209567714e-01
1.775935447604950479e-01
-2.764237984990316477e-01
6.171600565321968407e-02
-3.788882649427155469e-01
-2.362739944534720804e-01
1.091464004008638466e-01
7.129976035230078946e-01
4.830869540008371765e-01
-2.915830201827238066e-01
-7.497695576901534931e-02
3.186341546940391067e-01
2.913418057748626833e-01
1.184798381620640745e-01
-1.419396943134950684e-01
-6.493879523444660851e-02
2.043589829964636284e-01
1.775123481646209977e-01
7.872316093562967132e-02
-2.109402770837407737e-01
-3.182810825212182837e-01
5.254000199757751233e-01
-3.607288022039789599e-02
-1.419294544268599467e-01
-8.445043379154248964e-03
-8.570497190559164813e-02
1.648707694733243523e-01
-1.108891841863277189e-01
9.932521572600888637e-02
2.090326830135393610e-01
1.416618113514377386e-01
1.445692645316868918e-01
-3.820858912541225810e-02
-3.209089898217353798e-01
-1.017562463340796475e-01
1.962418898125357636e-01
2.172399201512486555e-01
2.299442421554963589e-01
1.031769688793526263e-01
-4.041830921495058737e-01
4.371689597952850281e-01
-2.761274193676906963e-01
1.170869502083384112e-01
3.851863033894790123e-01
1.943133077644609852e-02
-9.933915098224707640e-03
1.058011137241070543e-01
-2.938137687628995520e-01
2.205298891650050441e-01
3.113351883678550092e-02
-2.238366244653376691e-01
-3.591558801482139796e-01
3.130847001266531260e-01
6.095101943145830869e-03
-1.803763660768324673e-02
-3.817344566342754097e-01
-3.826041607389877447e-02
1.829814721413385858e-01
-2.095972264341349756e-01
