4.092043468688942864e-01
3.969319765029241109e-01
-4.177063039551514034e-01
-1.915431389095569314e-01
8.424270286274516684e-01
2.902706217832675128e-01
-1.037528112810904179e+00
-4.411467428799694113e-01
3.706427459970512150e-01
-5.202601065375294098e-01
5.113455739041099513e-01
-6.867096126471831097e-01
1.370112515135782472e+00
6.848661157848915382e-01
1.086612660827122490e+00
-3.834398733161952233e-01
-8.987767131617316885e-01
-1.320707932050528832e-01
5.855331685371726463e-02
-5.161133750837507694e-01
-9.339463736640472025e-01
-7.930758379659403889e-01
2.548631823566746210e-02
6.159383634376104366e-01
-8.321432513235038630e-01
6.639998983355964723e-01
-8.559606424680553383e-02
3.577354707543863310e-01
7.397251777395413841e-01
-5.181425925780630548e-01
1.891115655893628456e-02
4.179069159708603820e-01
-3.865094528979616806e-01
-3.837844336470611767e-02
1.015713820437806475e-01
-3.519777442190898942e-01
-9.188348267911428113e-02
-8.388135613966371529e-02
-1.338677330560701997e-02
-4.865713639608553187e-01
7.271501750428550903e-02
-1.095609286298586116e-01
4.779059097010059376e-01
1.647185244223892397e-01
1.701185105535904518e-01
1.818812050615801756e-01
-2.368536217405190492e-01
4.292351787467213464e-01
1.854377783658626155e-01
4.525077156971138992e-01
8.768851369548079019e-03
-3.351757061843420593e-01
-4.089618036621502917e-01
-7.449016329492397226e-01
2.814393435803539956e-01
-2.230218992657265198e-01
-5.600486006529431515e-01
-1.498227884406976573e-01
1.227517690786128837e-03
-2.834530749948542191e-02
-2.042859263711069295e-01
8.305732548306582474e-02
1.049804879174085215e-01
1.512421877935401504e-01
-5.483737699648726094e-02
5.436418022302256237e-01
2.118371375217525387e-01
-2.243700209915435173e-01
1.742823963453599134e-01
-6.455018932566139456e-02
4.040762268926274547e-01
8.918023959017862268e-03
5.443733621723471916e-02
-3.623112110334293368e-01
3.397437417950079919e-01
6.366990907687167800e-01
-7.795011346061202218e-02
-4.333146817738546819e-01
-4.034202804630477868e-01
-2.610835972387099413e-01
-1.330863763111922171e-01
-1.882077419398477114e-01
-1.600069793792567585e-02
1.351956941417895020e-01
-2.582616359345967297e-02
-3.291816298010858538e-03
3.820846588305272518e-02
-3.330521854644736823e-01
6.887136746159452927e-02
-2.411857626920170528e-02
-2.085299457671182244e-01
-1.464604398034576316e-01
1.300703329177105572e-01
1.858772912428080237e-01
1.887293996941105945e-01
-4.299189101465245022e-02
1.755121736825523415e-01
4.229666259146951379e-01
1.419096940383106631e-01
2.066139999614551304e-01
-9.121160504271361158e-02
9.735886396992007863e-03
2.508658351145130749e-03
2.170647065361469008e-01
-8.513202269992714566e-02
3.752663125435755087e-01
8.455349612393964209e-02
5.651235607946489270e-02
1.305217797124339982e-02
1.052397696121147308e-01
7.461569897847719623e-01
4.641010702082157269e-01
-1.786619583080987783e-01
3.006708735610624100e-02
1.383292111091463383e-01
7.444332468827502547e-02
-2.691352898692818685e-01
3.852874081241429161e-01
3.346936550878625294e-01
1.466167290208230389e-01
2.999184664834327330e-01
-2.813667255515064913e-01
1.043391194621972468e-01
-5.054445973975185691e-01
-4.352958602264367372e-02
1.799959875898973216e-01
1.386001419864690276e-01
-1.916074051748596074e-01
2.122203308862039561e-01
-1.621017178225397370e-01
-3.163099266355428041e-01
-3.030559248861290911e-01
-1.126799879221213885e-01
4.416414203713863590e-02
1.874931421577763768e-01
-4.688452286784021428e-02
1.609487542102540636e-01
-2.086780378688203597e-02
1.915008932909108841e-01
-2.158742991995399041e-01
-1.086132653993274466e-01
-3.532124465094196308e-01
-6.805393234298917626e-02
8.462228410608549356e-02
-2.048301882210064040e-01
-4.813911245382553050e-02
-4.628668728130156951e-01
5.659313282223862873e-02
1.455551924167631517e-01
2.309970000292517478e-02
4.066334204250608986e-01
1.443406112660668428e-01
-2.158880337689235707e-01
3.735809261542933357e-01
1.597848554231981466e-01
2.366955058546819646e-01
1.821186569918025466e-01
-1.239845912614770951e-01
-3.866260115801280206e-02
3.762020967154461881e-01
2.141175557394215390e-01
-2.592396316423530855e-01
1.454096002131626542e-01
2.135461432442289920e-02
-2.589295298798954814e-01
-1.022552298731073395e-01
-3.277574029067378825e-03
-3.044897643112441654e-02
-5.569508708014245246e-04
-3.567805473069359801e-01
-3.708757990342003708e-01
-6.760060804420137126e-02
-7.177449502192510822e-02
-8.671285264349401500e-02
6.132517778871648950e-02
-3.054140170403554788e-02
-1.123918060235023914e-01
1.034834711239106392e-01
-3.722578833272260912e-01
1.761871920371542166e-01
-1.377378298238212118e-01
2.453638281901189891e-02
5.620254199220381386e-03
1.555934886113866100e-02
-2.736456815086933392e-01
2.561306065829616063e-01
-1.514472455150005226e-01
-1.625401517850907918e-01
1.976096833620561433e-01
-9.104958881891060674e-02
2.577600935499949064e-02
2.688528063299123194e-01
-3.529031925826535132e-01
4.537128669750895016e-03
1.276633978680765114e-01
1.990568330878700332e-01
2.169212686629361786e-01
2.942211304545691575e-02
4.323663287518524356e-01
-4.461231552358854713e-02
-2.423855660305209575e-02
-1.452269216226378772e-03
3.949509739826254640e-01
4.309187834014127638e-03
-2.701860557413327535e-01
-3.597231758655530104e-02
-7.910712041739660638e-03
1.260231267408651323e-03
-4.937590258426559353e-02
-2.915945007253326060e-03
9.298800701154787129e-02
-8.963382680110959511e-02
2.836802102014762683e-02
9.964799472013441406e-02
2.105143332028782954e-01
3.649638960538278964e-02
-1.287607397984789348e-01
3.374660697525865283e-01
-1.467940454891326352e-01
6.051455693739767883e-01
3.471578634842827776e-02
-1.427344584195118782e-01
2.803787175983903368e-01
1.148914667547056845e-01
2.146077645646846110e-02
-6.301479627635486747e-02
2.471189538929371432e-01
-6.705096148088421359e-02
8.516931697734766993e-02
3.380114058172353775e-02
2.548697640466837111e-01
2.813768208384678782e-02
1.390210203464901650e-01
1.896852676238297286e-01
1.408542880069070802e-01
-4.254969217375730722e-02
-3.549345961385228509e-01
2.961832015969431686e-01
-1.094133748108771648e-01
-1.566525322110247087e-01
-2.382969742500332666e-01
2.273082769066736286e-01
3.591255262347121946e-02
2.592545190001147581e-01
-4.403854807157676632e-01
-3.546163482979881182e-02
-6.421766642664519797e-02
1.357568041890905852e-01
3.845871942782999042e-01
3.024609918093756900e-01
-2.324826133379606918e-01
6.710181514597644836e-03
1.637624135177213336e-01
2.549535562774302710e-01
-2.877164205911257877e-01
-4.378574846594047720e-01
1.240263130859571017e-01
-5.981225651654077657e-02
1.104455934557843910e-01
-5.566390038623550418e-02
3.578781966316216256e-02
-1.412814481379487397e-01
5.472683707931458308e-01
1.597812550781069901e-02
1.041730074864189448e-01
