-6.740654044272009759e-02
3.560421461052231118e-01
-6.466804336752410842e-01
-2.130545797956116538e-01
-3.407494006875034231e-01
-1.903344438727415378e-02
5.752138318354312885e-01
2.816214044528376759e-01
-7.638397244976895539e-01
4.165316511930614030e-01
-6.718209055810436814e-01
-7.765665938504314747e-01
-1.171760785009019923e+00
3.447961263299083035e-01
3.245776716739058876e-01
5.377174925319408993e-01
5.058806887741992275e-01
-5.961662777754749287e-01
-2.317022026169761051e-01
-1.828023170887253246e-01
4.717901046642749563e-01
1.106630615179629906e+00
8.113530597184692716e-01
-6.155356583985072128e-01
-4.000073375597896774e-01
8.443353008033427365e-01
4.453492964557491107e-01
-5.680533412005435157e-01
5.347477351003847301e-02
1.927846570386229086e-01
1.337831873426084117e-01
-2.118453681768336372e-01
1.909907518812611060e-01
7.311108850373178036e-01
-7.135011727261953984e-01
-1.905369391314243321e-02
6.437464517842818035e-01
4.523576221172742606e-02
3.387008348372270716e-01
3.308174820136177696e-01
-7.611275469612722722e-01
-4.294551246553560131e-01
-8.272467554561634406e-01
-1.077467487103310306e+00
1.880904426247139716e-01
8.111020570763697313e-01
4.551942141575057166e-01
-5.983487370600709676e-01
-1.004189854011131589e-01
4.204936621379901651e-01
-1.102093784476052329e+00
4.439350525954571108e-02
-2.325480482032346585e-01
4.039366378534894886e-02
3.521175892837505317e-01
2.830877370253299663e-01
-2.447375777784854822e-02
-5.677500665751418207e-01
-2.890533065012320657e-01
6.699344845473187426e-01
6.253953741214081097e-01
1.691850509455495866e-01
-4.091749927016635202e-01
-1.160651936994349237e-01
-2.761240067040267587e-01
6.106703628409557716e-01
2.585483320251422135e-01
-8.869337203828317473e-02
-2.060105012784921308e-02
-2.704730032622017499e-01
-2.057413708512479678e-01
7.458478087014540625e-01
7.207831851429852277e-01
-1.629515629628503770e-01
-5.528459127040324939e-01
-9.091191091341940256e-01
3.656415202221175997e-01
2.725094088983854301e-01
2.602552510254151907e-01
2.527095246139653972e-01
-8.411458178247835371e-02
4.662988361867967946e-01
3.839788357807355501e-01
1.088696197619892087e-01
2.034688461026241124e-01
1.184983118649457212e-01
4.484758234002930166e-01
7.704545898638606727e-02
-3.118490261824939935e-01
-3.339948390828870739e-01
1.537607746441647938e-02
5.461279404077873378e-01
-2.479674391743941775e-01
2.559113220949533196e-01
1.876379954426451169e-01
-1.083109378114153892e-01
-5.466338911855457561e-02
2.798056092441789655e-01
1.238443826069541287e-01
4.710643372270757467e-01
-1.111292094595059537e-01
-5.146059198100004783e-01
-2.378770871109583962e-01
-1.394442954195701800e-01
1.818724267282326168e-01
-5.290823340214644288e-01
4.029506078782055800e-01
1.116619935286164433e-02
2.106203429803540916e-02
3.142187112163871004e-02
1.988797919199268016e-01
1.895029011436653588e-01
-7.568973325420128018e-03
1.523516940479008042e-01
4.259013519978686879e-02
-2.932251804471064371e-02
-3.260696756131944429e-01
7.220774975572763488e-02
-2.304070886828206155e-01
-3.804850395255033879e-01
2.871262830333247140e-01
-8.574715321749476482e-02
-2.297468818132702428e-01
2.625825970722841518e-01
-1.979510185918746390e-01
-2.245828075683698744e-01
5.652596397930140237e-02
4.097102999610384155e-01
-6.667029547424728475e-02
4.705415350262427410e-01
-2.814111595115551326e-02
-2.956163605232953184e-01
-2.596421630014293380e-01
2.309311998385122494e-02
3.499665377882303918e-01
-5.042307147478171103e-01
-4.318173855555803575e-01
-8.023337979524355901e-02
4.043302286298411374e-01
-5.638013015771613234e-02
-2.731377085648012404e-02
-6.989506302388938386e-02
2.183584198373083041e-01
1.801999380460523881e-01
2.758046052520600755e-01
5.463666362464630888e-01
2.487082624845768919e-01
2.085110217111269537e-01
-3.020283619709937528e-01
1.621176252279529217e-01
2.046829987604084911e-01
-1.498155743023026065e-02
5.223628962568249018e-02
-1.303277439576036589e-02
4.003159384495442730e-01
7.184910856688265790e-01
-3.124414429483871047e-01
-3.015870052609690433e-01
-1.743226362728685641e-01
-1.413775134739758688e-01
-6.438182539554963002e-01
6.892616252693986034e-01
2.348904936089391549e-01
-3.497789231207314858e-02
-3.276945865622943876e-01
-4.118882459138717977e-01
6.681951528579220534e-03
4.752862043849917506e-02
5.786878891836362560e-02
-3.810536780463061324e-01
-3.645354872860403356e-02
2.421775705355940778e-01
-7.951610232158748404e-02
-1.478441026130427882e-01
-1.148438004370547078e-01
-1.812100341914085061e-02
1.783222295989843054e-01
3.372261513490099616e-01
-8.081142479393221834e-02
4.082744018221592941e-02
6.512303984923015765e-01
7.940279267645011796e-02
6.542014507806750978e-02
2.035880689782066100e-01
-3.764499725332313695e-01
-9.557393106140099626e-02
-1.946623413042418982e-01
1.121137459878931708e-01
2.126177546895864634e-01
9.586874628569765078e-02
1.418118168568210380e-01
1.399235060878122328e-01
1.821046717982469643e-01
3.328791025249717150e-01
2.501786418557860325e-01
1.295530387797525218e-01
2.283332933520461072e-01
-1.565542236086472083e-01
1.899340937510677479e-02
1.462451547501558147e-01
3.282399398296398374e-01
1.320802555813845730e-03
-2.851271144837415061e-01
-9.475055022743239519e-02
-3.305995333836725392e-02
-1.462813233679920999e-01
-2.960996647634440287e-02
-1.566660854406261572e-01
-3.405730444286848568e-01
-3.981955465321238008e-01
-3.309119139495684259e-01
-1.371798657587263576e-02
4.255579470424362687e-01
4.324602679749419698e-01
-5.375520221470631022e-02
-2.869523028780673335e-01
1.373726770507485151e-01
1.308488706155508385e-01
2.939961019145273524e-01
-3.698450231043554082e-02
-2.275539090166480705e-01
3.437354879383258677e-02
2.216241204347932925e-01
-1.426785644823749810e-01
8.697387092832437050e-02
2.722165274223883324e-01
-2.527295750203693014e-01
-1.062654046946868575e-01
6.993809536527471893e-02
1.161280174905067186e-01
6.364164785974413263e-02
2.824421948367077384e-01
3.229255207310734455e-01
3.045648866255269011e-02
-2.769066006459882656e-01
1.448219974927845155e-01
2.716609825302362946e-03
7.492589491871604057e-02
-1.480812337534180567e-01
-3.826147777422546081e-01
-4.405385953620357675e-01
7.976297494339215643e-02
2.228819190613502421e-01
-7.158786884125419026e-03
1.921380975374381572e-01
-8.068376435422842941e-02
-8.379806669998965396e-02
1.864819898380081220e-01
5.103056879261407275e-01
4.609912736380043508e-01
-3.523963621928505874e-01
-4.158087997774455591e-01
3.657441080784501475e-02
2.319435843156666399e-01
6.735617827138644376e-02
-2.994251544033965096e-01
-3.201276447141020443e-01
-1.271675488848486302e-01
-3.646182378411474967e-02
2.977861021923959850e-01
8.178367035776804017e-02
1.772049303918528385e-01
2.101569428245249893e-01
1.646053432932520211e-01
1.463556733783455965e-01
