7.391871156222792338e-01
2.657373638867480681e-01
3.216264168546791868e-01
4.342303977990487063e-01
6.288313120268952394e-01
4.760992855796353229e-01
-1.959263755881461566e-02
1.534091166501413972e-01
6.666052312897418064e-01
-1.283134790317404184e+00
1.948022453497884610e-01
4.068240487396011518e-01
2.620529841863757925e-01
-3.673094492789641397e-01
-8.132778787430040568e-01
9.497403652678090280e-01
-3.187153088757022634e-01
-5.319023897762571451e-01
-2.962553732677874474e-01
-4.920016133993464491e-01
-6.587273729201912342e-01
1.074147620970395733e+00
7.402227094215002579e-02
-3.470590804965361653e-01
1.628564864444042859e-01
-1.087547520006264090e+00
-6.738894442773384341e-01
-2.464976081493177040e-01
-2.396133267553046675e-01
-1.863222934429099586e-01
-4.462495218102483507e-01
2.768651921211911018e-02
-4.460181058582124436e-01
-5.226039610286846715e-01
2.809370959997662953e-01
1.526372240457303797e-01
2.843899097677919929e-01
1.052298024910453406e-01
-2.679859719501823112e-01
1.556541506988327328e-01
3.046853406211739168e-01
-8.224046386442583900e-01
2.964496914701513219e-01
-5.362710811240029019e-01
-5.562421241886808532e-02
6.943604288129772151e-01
2.937025088284850316e-01
3.242548324173533114e-03
-1.032358599921266773e+00
-4.408987183383740460e-02
-4.718623890677354216e-01
5.706925933776139104e-01
-3.278632534827264911e-01
-5.405285411737864587e-02
8.836989504113100524e-02
-2.591858987813121518e-01
-2.464865250424723153e-01
4.863758196793542821e-01
-6.252964146739519169e-01
-1.985496920246572483e-01
-6.713720119877916170e-01
-2.047942604769201758e-01
1.680079025158953965e-01
6.120778820529051423e-01
4.917429271552887227e-01
1.820356578630715483e-01
4.018090813366473890e-01
3.212392160487331227e-01
3.548044834392458102e-01
2.286225565255489700e-01
-1.300354266214981402e-01
-6.008432744413013671e-01
1.390647299797935776e-01
1.849629539000255396e-02
1.053657135978530029e-02
-5.348843951251865958e-01
-5.951652043602918551e-01
3.659123968818427386e-01
-4.704830443665601325e-01
1.724052177220836424e-01
1.075162489188793008e-01
1.761126999630733547e-01
2.536081774096759500e-01
-4.912526069619864155e-01
-1.944616597431468030e-01
2.460358906378794508e-01
-3.717198661534800164e-01
-9.227599186762450167e-02
-1.854211094487535905e-02
2.454223967973656606e-01
5.613189599195098772e-02
-3.093642656793480494e-01
-7.687295010383198013e-02
3.139735087044674966e-01
-6.127798908058375293e-03
4.485181416049126291e-02
-4.616932827888807767e-01
-4.046440331081706532e-01
9.058901543600042516e-02
2.511988086611104953e-01
-8.866738215378458521e-02
-2.207267378178459916e-01
-2.575692174332629841e-02
-1.102912457872610580e-01
-7.173872503265942280e-01
3.310125449924438690e-01
1.741446299238281203e-01
-3.123710892042027010e-01
-3.642786206550222561e-01
-2.955348232419243715e-01
-6.216348035694678476e-02
-1.221591390475560424e-01
1.813467101205011311e-01
-2.311441989267992159e-01
-2.111040434365335783e-01
6.030840219514380096e-02
-2.002547786106437244e-02
4.305312262477341001e-01
2.582373505642124867e-01
-1.187999682831459847e-01
-2.360046154559307663e-01
4.253755170989226286e-02
-2.108843797671847153e-02
5.600859048647655047e-01
1.375450500875488036e-01
2.364908294244197351e-01
1.389010634467037764e-01
-5.261417353712829481e-01
4.196409107040189879e-01
-7.429802726893641740e-02
3.291924341621219607e-01
-1.732009312869294826e-01
-1.944358810605311960e-01
6.070203821049778570e-02
-6.244924914743645722e-02
4.629333495097208706e-01
2.142917452980006021e-01
3.670574479364746567e-01
-5.536592513843124203e-03
1.982090089147326151e-01
-4.309593170634596904e-01
-1.051656980889811160e-01
-4.424524721744876876e-01
1.215541685305279451e-01
1.491577460530520149e-01
4.793323593631270141e-01
9.999928291806138569e-02
-2.826293560778635194e-02
-5.018216095121450504e-01
2.940583670156157736e-01
-1.438999811491303848e-01
-1.639636592245929669e-01
-2.125581287187832680e-01
3.942767391321715803e-02
-1.607979563920297061e-01
1.472311812566033939e-01
-9.133908846518228042e-02
-1.681150499949799204e-01
5.958645161551746616e-01
2.679916010749771038e-01
-1.949417791841742964e-01
4.353491095832941471e-01
-7.328474282352918923e-02
-1.808229281295767599e-01
4.547916936734663351e-01
1.904360099939137463e-01
1.537956465392665839e-01
-6.141533272795945964e-02
-1.012088320854638707e-01
-1.351061341241044100e-01
3.047671026722489351e-01
-5.328323312439884329e-01
-3.473565923802243161e-01
-4.838963421680987365e-01
6.934562543442318594e-01
-2.737737071938214917e-01
1.271031672112898914e-04
8.160686557723872969e-02
4.626646643417681865e-02
1.488806535768761319e-01
-8.007866743545466459e-02
-2.111851880374134294e-01
-2.710305587592328619e-03
1.554400736520978321e-01
2.801720049906001875e-01
2.522070004294275081e-01
3.982237649793745060e-01
-8.097596415983951412e-02
4.045694153284782324e-01
2.869226260345152379e-01
-3.258671572622813539e-02
-9.140014804409567206e-02
2.800357463240615852e-01
2.901772877465144118e-01
4.899009520087412028e-02
-1.211515067664351852e-01
-1.912869307284033038e-01
1.005505057706797128e-01
-3.025144799070471624e-01
-1.903319774666368536e-01
1.746521756094374100e-01
3.169677307920825138e-01
4.818273758583940802e-01
-8.950617620762651994e-02
-5.737958915147903932e-02
4.386850524873089907e-02
1.054795736246181559e-01
-1.823779231780074672e-01
1.794025126274634285e-01
-3.388859060047318961e-01
-3.406425740667655688e-01
-1.220759578392481282e-01
5.904597358402635665e-02
-3.155752636800067679e-01
3.333333030521064000e-01
9.631571706625308149e-02
-1.746414791323979143e-01
1.520245964654438620e-01
2.113562441623754173e-01
3.423160908579224726e-01
-4.347331393037522917e-01
-5.249559421558000483e-02
4.603628006300874431e-01
5.919229735040096863e-01
-1.323976788365650858e-01
-4.821461552636267522e-01
5.051710963062028270e-02
4.337290156768189298e-02
9.287398205834931919e-02
-5.611034098411669113e-01
-2.470104037840091527e-01
1.087168067088393475e-01
3.663165583820000015e-01
3.798463453620529173e-01
-3.585878870864410706e-01
-2.353839955996682165e-01
1.679454844649603540e-01
2.492250745834710401e-01
-1.513361297842645004e-01
2.165538654921710937e-01
6.255313268964668438e-03
5.633059991465768634e-01
-4.331894244847550590e-01
1.293825505718030899e-01
2.180717945781021627e-01
6.262863988058631204e-02
-3.452319183286542414e-01
4.755760814464251029e-01
1.870016847038583618e-01
-8.606845717277830654e-02
2.917994297958113881e-02
-3.771776394352922002e-01
3.521526284377496929e-01
2.548614520374182235e-01
1.290239844618492338e-01
-3.153164426987139501e-01
-3.115106724609605360e-01
2.150697762528537560e-01
2.238468615561046982e-01
-9.369319780088643246e-02
4.090734260131551614e-01
-2.211744071009752732e-01
4.943328980873697848e-02
3.123338142395662986e-01
5.417673098292734579e-01
