1.217976214955689140e-02
3.119285136648454193e-01
3.229514393264770744e-01
8.490151640352450180e-02
8.371392849651473345e-01
-1.139846089301203014e-01
-7.065194988556818823e-01
7.048812694484434260e-01
-1.508931471325007267e+00
3.491743126274329256e-01
3.526364684725437626e-01
2.711668454749892598e-01
-8.073656909640056223e-02
-3.340010811155806336e-01
-2.379588677398541963e-01
-4.904423043724447928e-01
-1.071717370278962439e-01
-7.327460128700689079e-01
-1.628435064196931403e-01
3.959886340931564330e-01
2.979375356964869548e-01
-1.470776032354636359e-02
7.199516977726178046e-01
-2.621848152656363826e-02
4.777859011545575185e-02
5.080550490189814639e-01
-5.038791984485644360e-01
5.210737924780586838e-02
1.713862778701815137e-01
1.132143060964113435e+00
-2.607872339000626982e-01
5.504297599999865565e-01
-3.408220279475567271e-01
8.864901190093200656e-01
-6.764040453295665500e-01
5.172427070929045412e-01
5.849619472309379731e-01
-1.053589063164943329e-02
4.147715778532296560e-01
6.213861578198782709e-01
4.854397653997313822e-02
6.426951642665381659e-01
6.820320189629804075e-02
7.695188584657379482e-02
1.762291991198220997e-01
3.798540146740050361e-01
3.606874120291747587e-01
1.519648877566032841e+00
1.428185792549916955e-01
-4.244077081114001615e-01
2.153694395178039067e-01
5.229621390014775884e-01
-2.871286218410151747e-01
-1.862006411669513417e-01
-4.511922908748596250e-01
4.623306269111336353e-01
2.467005600429561518e-01
-7.455186170533371071e-01
4.931072688677098914e-02
-3.742452408314596024e-01
-8.284354953267201171e-01
-5.694109550718940982e-01
-8.052594039260111414e-01
4.649663460699409723e-01
6.392546294800131035e-01
2.622055021881213310e-01
2.097941397846205258e-01
-2.246959513286364007e-01
-7.726826881542278591e-02
2.674194147968760316e-01
-5.630302532140718519e-01
-1.489834087503464910e-01
4.323697030248804807e-01
2.297530298743725719e-01
3.361754917988548641e-01
-8.548556620974034903e-02
5.699162560836306124e-01
-6.482099349526523890e-02
-2.153122081078051586e-02
2.630625265113686329e-01
1.147443087371848025e-01
-1.100175947138264831e+00
-1.259647287675637051e-01
6.706805134892745990e-01
-1.788277166827712816e-01
-6.422970097892340136e-03
-9.022514871044364781e-01
-2.953478617602147693e-01
7.003666250586971787e-01
7.301688092667484031e-02
-4.249729357001758023e-01
1.049944291705477012e-01
4.457751169557833126e-02
-3.574017818858661322e-01
4.353695721640478133e-01
3.249575163971859526e-01
-1.344991002537701541e-02
3.417141782693185192e-02
5.786554297737582786e-01
4.544229437587553599e-01
-1.652648951389395215e-01
-2.910359746802725911e-01
-8.343702116732476526e-02
-1.757292313076921630e-01
-3.375602895249270041e-01
-2.941194938289200533e-01
-7.057584368855729373e-03
1.715991495663733990e-01
2.338873196599297599e-03
1.778308397582455957e-01
6.204994495542708738e-02
2.263775707088346856e-01
1.601402922192647904e-01
-1.456195172384323056e-01
6.368162743542007398e-01
-3.542427721032928023e-01
-1.762601339204835499e-02
-1.724422624026523687e-01
-1.165756136043122337e-02
5.799408802467851537e-02
3.418613301260399473e-02
-3.069326831593341964e-01
-2.342214973613403750e-01
-6.055027245393099222e-02
-2.597026278966298521e-02
-5.087033304340846662e-01
-2.561923792698321822e-01
6.459830654555701046e-02
4.481809078008369696e-01
3.144768647065767642e-01
3.598776298189846345e-01
-3.610964433639288762e-01
3.418013014697769969e-01
4.128583662535059706e-01
-1.479100852644266509e-02
-7.312574973326894934e-02
5.905247968100575395e-01
-1.381069254732299745e-01
-4.953205156408184429e-02
4.530304717331546938e-01
6.896172961810054236e-03
-2.204217100131518614e-01
-5.583290480622553342e-03
8.919219880293163816e-03
-1.897084807160565600e-01
-4.347930015540516502e-01
-4.179561198770270769e-02
-3.713963054094854277e-01
6.127420538381134207e-02
-3.585378807354461239e-01
-4.182160369899142194e-01
-3.228080984888180294e-01
-6.131447896312518242e-02
-3.984843150377923582e-01
-1.713291827885783103e-01
-4.408576234550723449e-03
1.323005712202468265e-01
-1.536458610248978562e-01
-4.622511297713643996e-02
-3.148415000138849451e-01
-2.540163525132053124e-01
2.018469595974276554e-01
-2.531820172302813310e-01
2.251009580413348699e-01
-3.136879682960165283e-01
-3.161736541227236907e-01
4.730423864539763934e-01
-3.905694434044126306e-01
-1.084149943750314093e-01
-8.169604917913025899e-02
-1.462916369681406537e-01
-1.118157709947942557e-01
-3.993084689450777658e-01
-4.523438840550252082e-02
-1.471951340051650681e-01
-2.373248072173917977e-01
-2.926736738054624976e-01
4.538257251582172858e-02
-1.089392405200960701e-01
4.687828604105032659e-01
2.794842718407379856e-01
3.130075436098397335e-01
3.025071107135892667e-01
-8.221704140786083304e-02
2.494911586789766433e-01
5.217332807293349750e-02
2.305057522441484874e-01
-1.940278000116142654e-01
-4.917298287678044388e-02
-4.742455307135957088e-01
1.201191042935600140e-01
2.019563565202762145e-01
-1.477781810857239086e-01
5.875450944807827369e-01
-3.564552756158283903e-03
3.318392407765593521e-01
3.164529773841433524e-01
-4.192166294031891144e-02
2.159866733451255016e-01
-9.480180412910886589e-02
2.844140429421281868e-01
2.043630916478717668e-02
-9.159742983990518117e-02
2.368486012321558143e-01
-1.142391187935711538e-01
-1.953690404226623434e-01
2.032918384129947798e-01
3.755108023276051976e-01
5.067957517519365851e-01
1.896139397020368822e-02
-3.267928939181574122e-01
-5.431480019775526691e-02
2.415981187136034269e-01
5.144975283785493403e-01
-4.346062451220893408e-01
-5.142687458783851140e-02
-9.508621456680355077e-02
-3.149191189368795718e-01
5.172617201631368733e-01
3.459806941419344417e-01
-1.392526807247749798e-01
-1.604436605632977852e-01
-5.938495903852336610e-01
-4.096371575632427042e-01
-1.822520586356282668e-01
2.612123560799234356e-01
-2.010612387219196107e-01
3.613315327417110367e-01
-1.060550880915976379e-01
6.359941787306826466e-01
7.912172958972288339e-02
1.367437714346999844e-01
-4.807808764376152455e-01
1.264143495172393439e-01
2.476533313404421788e-01
-3.971671533985605129e-01
2.801973831925173852e-02
1.352954245370736330e-01
9.746435604460358670e-02
-1.589252482768881147e-02
-1.272283530478276747e-01
1.220264716568855018e-01
1.979743759166750494e-01
2.405524001867334893e-01
2.351463733548471158e-01
-1.731408477234180066e-01
-5.071230066930734193e-01
5.094702007244358288e-01
3.983884058092309610e-01
2.875006605603001864e-02
4.708489092392771636e-02
-3.037228928095473401e-01
2.183023304112123864e-01
-1.302586398100832876e-02
1.108939341005351908e-01
9.108276609657321721e-02
3.873236349837368420e-01
2.865758089236111750e-02
-3.475980062448623398e-02
1.417070053119087181e-01
-1.853339066530456103e-01
2.789553615342593162e-01
-1.532421196543024000e-03
2.217018027323895413e-01
-1.338585528102655964e-01
