-6.101635634426517685e-01
-7.296343109308558450e-01
-5.994151224168341452e-01
3.428129158505102692e-02
-2.616284306021462447e-01
-7.331167470844279777e-02
3.932892438709550409e-01
3.400918859741731137e-01
-7.730650742946509890e-01
-4.761060301054189647e-01
6.460769391566656417e-02
-4.593303071994329079e-01
4.274601242034842263e-01
-2.779969724476948900e-01
5.923320585518652148e-01
7.305536896860786999e-01
6.677508604052233565e-01
-2.801507029932623905e-01
-2.641580008060175344e-01
-1.414155563082670986e+00
-5.806045141385981490e-01
9.070757526234361767e-02
1.208267564655030268e+00
6.862901416668654164e-02
-1.986806684799795053e-01
-2.714998025097012935e-01
-1.607162253353888293e+00
-2.621889313821666456e-01
1.181861758383088989e-02
-3.508900770751172127e-01
3.181724541919417337e-01
-3.826443613069718253e-01
9.653342529331829791e-01
9.051282208044844069e-01
-5.941148921917795978e-01
1.033453606011416115e+00
5.733488456783203402e-03
-2.704814737860500862e-01
9.005284307588848902e-01
5.471030808583797755e-01
4.199977465683883970e-01
-5.290980157627140912e-01
-1.127910331110807962e-01
7.439027638124242614e-01
-3.067678547550516388e-01
-5.539608819042862731e-01
-2.579645658305353417e-01
2.361347619497083383e-01
1.840793316396048540e-01
-1.443953398483958650e-01
-2.868821654491767736e-01
-1.476398946778646470e-01
-7.200921107906559371e-01
-6.352221103403485891e-01
3.587271250218325158e-01
-4.084333140708098497e-01
-1.359479412562906164e-01
-3.730628691126305352e-01
2.689326754140933806e-01
2.587818572828444463e-02
5.000022118343671051e-01
-1.009390938474231114e-01
-2.483830736795791805e-02
-2.013072453948762663e-01
5.345322527612722530e-01
-1.801418388534349047e-01
3.421403316354963420e-01
-1.750152288823638158e-01
-3.439533545264459313e-01
2.269928551690393592e-01
-1.144453796624391589e-01
-4.740547186660618584e-01
3.638373744613756511e-01
-5.938751951787776262e-01
3.383651674995338809e-01
-1.889936677958474753e-01
2.879008432411472862e-02
-5.195798203851377250e-01
1.799420402356592397e-01
-6.168077867582425627e-02
5.923370179446149075e-01
1.893423708826802443e-01
-9.015586322900315253e-02
3.379062702879538915e-01
1.966538447778465870e-01
3.971325141682265358e-01
1.210063342657691637e-01
4.071587158553099939e-01
1.527237893196605467e-01
2.056181715173575897e-02
-4.903048040654947592e-01
-1.092214049596855197e-01
1.377435272276681943e-01
-4.745151319619868024e-01
-4.022259938425237769e-01
-9.728240797631093617e-02
-1.885575115025652781e-01
4.488382484462644095e-02
6.351583565776114382e-02
-2.964310416904880618e-01
-1.452739884593209629e-01
1.092046464387332882e-01
2.003247866273446531e-01
-1.362636127479549542e-01
-4.094321094069969247e-01
5.317753454628904031e-01
-8.240207283807290950e-02
5.315051233894525495e-01
1.087332356534405076e-01
8.899572664052855797e-02
-1.308550579947452830e-01
9.397282175695431672e-02
6.690326688210661982e-03
3.933959672062992130e-01
2.831762782144450763e-01
1.455301507660885785e-01
1.741862680620702430e-01
-1.488734917315984868e-02
-4.725758926702712526e-02
2.582637299784706353e-01
1.582015930836435658e-01
-1.399369412415606140e-01
3.419459162459490553e-01
2.793470457743321700e-01
-2.430006378340069384e-01
2.902362662289434958e-01
-9.229431215626324181e-02
-3.899346767681007853e-01
-9.587896735080508881e-02
-5.304252658500732687e-02
-1.685493631070655307e-01
-2.596511602848532996e-01
4.526955031990950173e-01
-1.192568031282612018e-01
5.271157136100411422e-02
4.466006040426375723e-01
2.412632879655814133e-01
1.049131516482235127e-01
-3.381610640096608528e-02
1.365876734880548671e-01
2.733647852631044817e-01
-4.129863787922624652e-02
1.209981818487974869e-02
3.302587314620092362e-01
-1.147004226648920544e-01
-9.397738731658503153e-02
-4.445676538295275093e-01
1.401791998201543099e-01
-2.478799769559615063e-01
-1.673166317917053059e-01
-3.113454093392273303e-01
-5.299760146397783367e-02
-1.430007412109875198e-01
5.952325949909419156e-02
5.644710682595313611e-02
3.450074250170485080e-01
3.190686554315031453e-01
-1.087575138193278002e-01
-2.951456516551344000e-01
3.501646156544579447e-01
1.430648025403097878e-01
-3.364919905912577835e-01
4.544707205563500718e-01
6.278451362009496162e-01
-3.594718594612144047e-01
-9.557985360757161042e-02
-1.623632539614965342e-01
-1.769233471894744447e-01
6.029404173470153117e-01
-1.609658670764889110e-01
1.470247525261880184e-01
-1.615577639706347601e-01
-1.224808296512202993e-01
-2.041171711773074882e-01
-3.294263401442328876e-01
-7.882029716946903353e-03
-5.721986244348135214e-02
-4.704783844137055970e-02
4.167325699604094713e-01
-8.864148377390802802e-02
5.925682814997000891e-01
-2.409852731943635251e-01
-1.588668429317482700e-01
-2.613674049988669035e-01
1.498390189249085291e-01
-3.581548167881626332e-02
-1.458744162183276405e-01
1.568951044670712225e-01
-9.837238033063973319e-02
-1.621581054287097590e-01
-2.016231579704131915e-01
-2.891258767099250671e-01
2.543679581318586402e-01
3.550433155278027719e-01
-3.600425856425946702e-01
-9.040368324551667500e-02
1.243244067287486709e-01
-1.965446183833869098e-01
-3.744593401952828748e-01
-1.034257165960295738e-01
-1.001412383387377536e-01
7.915771193904813652e-02
-4.186534530329026893e-01
-1.606133981382658615e-01
8.672946694238824195e-02
-4.646853167000266072e-01
-1.135471469662549943e-01
3.328877378713815949e-01
8.992355850071451218e-03
1.589429813976409589e-01
-2.088951507637448746e-01
-3.518383268741278047e-01
7.497546210504840714e-02
7.413005915372449239e-01
-3.200271548774094588e-01
-3.518578121341627840e-01
3.086257425869797233e-01
3.926091209767059720e-01
1.536343128751506693e-01
1.100362117447301058e-01
4.726617162840722752e-01
2.182559477068990728e-01
4.095889075875289720e-01
-1.599925087184745631e-01
-4.284360787998038600e-02
-1.081128283660030415e-01
1.705893232300536022e-01
3.136559204879381113e-01
1.561505941597950420e-01
2.540038153628836892e-01
-3.446355527631724813e-01
-3.240409539844433806e-01
-1.293381709557198112e-01
4.232966181200118472e-01
1.499487129963469334e-01
2.673272589236496688e-01
2.439654225641348373e-01
-7.050840053010090647e-02
-4.712603919192626112e-02
-5.578253005711366619e-01
-2.513626147903931241e-01
-2.145444872042872042e-01
1.877298420827473169e-01
1.780206091833895221e-01
-2.911264571657721234e-01
1.346602216507182259e-01
-1.339736656603050524e-01
-1.551950530244817217e-01
5.163069635605462837e-01
3.005535319317488852e-01
-1.435802047369954537e-01
-2.919653775560588360e-01
2.775435835302696996e-01
1.268944407343072789e-02
2.623456053405504584e-01
3.353345867061477970e-01
-4.097429381793545877e-01
1.009577619712058172e-01
-6.509054876965575387e-01
-1.352819512185319262e-01
-1.076562021085557125e-01
-5.011371527868400122e-01
1.965484155371596264e-01
1.566189464015826927e-01
3.036017635385696023e-01
