3.648245887870452120e-01
-2.537949214653714702e-01
2.117422114481404272e-02
-3.623703046767693947e-01
-9.332964952715223639e-01
2.294812578558999561e-01
-6.025710949494769153e-01
1.862880544073080846e-01
-2.731018293425236942e-01
4.899832995141777392e-01
-3.883461524918512264e-01
4.644001202265478634e-01
5.324775930844806160e-01
-3.963172986998817482e-01
6.899376456431484117e-01
1.624706952285949746e-01
2.477644913633767765e-01
-2.615106022523774887e-02
-4.783630193128599051e-02
3.040018136912538416e-01
3.171348703663806612e-02
-2.408979729498276212e-01
7.814022705330639362e-02
4.038770532233479926e-01
-4.331833712450237073e-01
1.885560527177479462e-01
-2.137527725446086713e-01
-4.328748483191333651e-01
-1.448178496798703807e-01
2.720676157179724997e-01
-4.836684022261820703e-01
7.666959080339687260e-03
-1.915010119912547992e-01
3.573419247950850031e-02
2.826520443888178025e-02
-1.723638296113979007e-01
-9.644130338469755204e-01
3.074487272526034154e-01
-9.170337302541180236e-03
-1.707783018997530156e-03
-1.065023218023204210e+00
-1.251562379121322621e-01
1.351991128698995237e-01
-1.989186973073031051e-01
4.423516865322155156e-02
-2.363227385591847307e-01
-2.645912985085053792e-01
-1.376117638624754502e-01
1.677698779027463338e-01
-7.326086512814181106e-02
-3.364359899818264443e-02
4.674539091878138208e-02
1.010908005395426829e-01
1.097320836051838056e+00
1.803648041750640085e-01
3.282088946428771692e-01
-1.960437564419972301e-01
-9.531691535094724554e-02
6.767829827148885702e-02
-6.158814699750094768e-01
5.886540373747218835e-01
-2.257864192867867215e-01
-3.242306755711448774e-01
-2.252872425555946800e-01
1.035781348386683176e-01
-2.250311446129306392e-02
-3.844539522741861892e-02
5.855194018123928146e-01
-5.840464310135267123e-01
3.856323596986943048e-01
4.969088824516875169e-01
2.987064337374025769e-01
-1.190299776965215300e-01
1.808859739965351654e-01
-3.708261492068094523e-01
-8.985961492001817708e-02
-4.884207347917097208e-01
3.008313267607969910e-01
-1.462712930947868140e-01
2.507992208575685611e-01
2.021131226353020671e-02
6.636963461476522164e-02
7.619875054174815587e-02
-3.113006775588790243e-01
-3.179213536352232250e-01
-1.055367199288698432e-01
-4.740123756968396551e-02
4.983412480178116971e-02
-8.943598216350508168e-02
1.073435654746658224e-01
7.484890681400502288e-01
-2.637708516563111449e-02
-1.429527861654848464e-01
-6.793060162608055563e-03
7.731939138414561929e-01
-3.981251747832215693e-01
-4.873622817594468470e-01
-1.396722771565346854e-01
-4.921448019415947117e-01
-4.131574770706091665e-02
-4.424883374751361620e-01
2.216547929822310636e-01
1.234187884773846611e-01
4.678073201931772229e-01
-9.246793756968031408e-01
-1.468581697202654412e-01
-1.473888937462083104e-01
5.450423970448406985e-01
-4.279737083012224441e-01
-5.044891392898792626e-01
8.484579535839315012e-01
-1.866478937388938719e-01
2.712235802592370959e-01
2.910951633695157970e-01
-2.997309390772727178e-01
-3.802271973561250906e-01
-2.844062093070531261e-01
-9.307830244629174132e-02
5.155389023084405720e-02
2.088925305590016712e-01
1.728371834995708622e-01
2.845030898359488525e-01
1.258979548151296368e-01
3.810920854714076600e-01
-4.973203157151558917e-01
3.786536947615107840e-01
2.059962628530177808e-01
-6.110838101994673366e-01
-1.708541465706272522e-01
1.386732266945727154e-01
-1.366729016316480805e-01
4.075024129743114176e-02
5.786898297819894482e-02
1.384514690626914568e-01
-1.587889191662465171e-01
1.560620571035870735e-02
-6.227919536112118681e-01
3.858879042657665792e-01
-1.491707691081992082e-03
-1.553531777625906940e-01
-3.812379566532905217e-01
-2.339472149843387638e-01
3.891378570150240690e-01
-4.394530256034481219e-01
-1.317756586406406139e-01
-3.021337845453032078e-01
4.510322940791531843e-01
-1.677564868031236056e-01
7.454885377038945882e-02
1.482737758779744952e-01
-2.941107977718302458e-01
4.831724978440789520e-01
-1.162831094011959748e-01
-2.165326459673824755e-01
7.104113683677665270e-03
-6.221920717460749373e-03
1.116169977168815081e-01
4.661479321480704319e-01
2.847651189125666171e-02
3.322673919188273706e-01
1.860653731323214655e-01
-4.589155145681713677e-01
-4.847654807892901596e-01
-4.185171623073366542e-01
-4.758515657912787966e-01
2.833743998381417772e-01
-2.963374353048243287e-02
2.645455783739172340e-01
5.865399372595219152e-01
9.546530790812329803e-02
2.962851975548586037e-01
-6.807455510273635602e-02
7.631358015501172876e-01
-3.803190730367825845e-01
6.715178776750431455e-02
6.452873501669198486e-01
2.424269602116209399e-01
-1.129174688345477573e-01
-2.311126600058875935e-01
1.549386935852267166e-01
2.994568857356451064e-01
2.072227828530315286e-01
1.223111295081077687e-01
8.409733454899961935e-02
-6.741061786680935253e-02
1.054925928125427376e-01
1.847806211545841570e-01
3.176161004687239053e-01
-1.732949630514822037e-01
2.757036221066035964e-01
1.529766589144427036e-01
-3.343102548634963034e-01
3.316720383131159799e-01
5.187951203854468396e-02
-8.957777471896319343e-02
-4.391709702774708735e-01
3.764810611945345609e-01
1.636302730069638389e-01
4.240629427434047111e-02
4.663163281047500996e-01
1.999348975475091772e-01
-1.742919896907426103e-01
-8.690797570525199411e-02
1.493152375725861902e-01
-1.851878266423620523e-01
3.614298616812103848e-01
-1.093336902928375015e-01
-2.245862791363916755e-01
2.800782817641616074e-01
-3.393520993181315948e-01
-5.463250058087188998e-01
-2.111248270490022616e-01
-1.076095090824454592e-01
7.209298798507064732e-02
6.815986756987052475e-03
1.594145586699201034e-01
-7.762922233055674637e-02
5.112456611046067856e-01
1.149433408544481422e-01
-1.577682211282436797e-01
-2.877949246081318857e-01
8.259813998730447526e-02
1.309439941080250969e-01
5.076707449928971050e-01
-4.183749072728619733e-01
1.660168093803820466e-01
-2.067080140429792545e-01
-2.487633618770384025e-01
-9.687854237468863927e-02
1.171078909087195780e-01
-2.212260684985206116e-01
-2.134806402226945843e-01
4.794305365522497087e-02
1.619657330407463514e-01
-2.243877907684422857e-01
4.054355273285809025e-02
-2.316241992913454506e-01
1.476959047213481369e-01
4.390053437466199804e-01
2.024551619668612523e-01
-3.268605406925773060e-01
-5.505316095511978425e-01
6.283942569258720301e-01
-8.270519418913685472e-03
-3.225773387250053248e-01
9.254809093524146713e-02
-8.053632904356758382e-02
7.308719732213662945e-02
-3.728961452977754693e-02
4.645947323049393063e-01
-2.264758928155048978e-01
-1.890838204222061170e-01
3.791059066476360484e-01
-1.924912404216444495e-02
2.695170735905540460e-01
-4.030516719839944417e-01
-7.212696919857239375e-02
1.515012555268400174e-01
1.955526011956764676e-01
-2.700735693074420019e-02
-2.968267917039715820e-01
3.419660649220365167e-01
2.394668605349816945e-02
1.957857982813863695e-01
3.182673364042553632e-01
