3.310906197457874622e-01
9.147032425391237176e-01
-4.148383391446693325e-01
-5.697709024027255986e-02
1.808637220687686620e-01
-6.555172162212176135e-01
-3.222805455174389266e-02
-9.867321318771281602e-01
-9.064196832318710539e-01
1.502522530499837694e-01
1.864176505927715721e-01
7.187246003015059781e-01
-9.529720163099177910e-01
-1.076825087853618745e+00
-6.137089823222557916e-01
-1.326905866664134681e+00
-1.017489780080838457e+00
3.134810979571729384e-01
9.207295080301236556e-01
-1.516852057383416830e-01
-5.472992447524711590e-01
-5.092430794539417604e-01
-8.157970396864719920e-01
-1.462244260603548174e+00
8.707240230822914651e-01
8.265159329497412388e-01
-4.575766764401772435e-01
-7.068573885563563808e-01
3.561284039824283987e-01
-2.836703514993916264e-01
1.720425745250369287e+00
-8.826202696128724323e-01
-4.696426301162012762e-01
4.315600216735036576e-01
7.892170936915922363e-02
-2.129964835243325638e-01
-3.628864277801134852e-01
5.451304522005165909e-01
-1.590244505346404824e-01
-1.967195812838774260e-01
4.471671406621671174e-01
5.405277906188535875e-01
8.318219951630346776e-01
6.138895997334882504e-02
-1.185889921586354492e-02
-1.259229659909436860e-01
8.596530924440344557e-02
7.412238689842658435e-01
5.434113146551694529e-02
1.244651854362204824e-01
-3.047890725076465301e-01
1.981722468491585731e-01
1.133593263170004223e-01
-5.015204887524015165e-01
2.591974138946064876e-01
-2.695844920858801452e-01
7.072196255857197134e-01
-4.116857907581947806e-01
-1.060159090893959544e-01
5.198252921895718526e-01
-3.149849579099948949e-02
-4.749952487164286197e-01
-1.011570711634400377e+00
-1.021078092856214647e-02
1.742726642618728505e-01
-5.240123189319877417e-01
-2.995788765572018897e-01
-6.911589225813856707e-01
1.506644110928924141e-01
-6.574304764209289165e-02
-2.247593061463234454e-01
-3.441202146802856965e-01
-7.452822265499292609e-02
3.125005324873180168e-01
5.966213980123310501e-01
-1.225420876752681409e-01
-3.023634951475210331e-01
-2.316875465665623746e-01
4.245007429657010611e-01
-1.616347422974601100e-01
3.724939463052098776e-01
-2.773738395701217385e-01
1.246687825456331278e-01
-8.321183992368033078e-01
-1.670782249191332669e-02
-2.758953540228650803e-01
1.148108368063696372e-01
-1.726999189185299266e-01
-1.383226167223715053e-01
-4.017045516874535593e-01
-5.858759089647228580e-01
-5.133780152017191067e-01
-2.276162846496739833e-01
3.727276757561480136e-01
-8.174677424497650557e-02
2.908868042888059779e-01
3.075583803804354116e-02
4.745449954091583433e-01
-2.589631278444692319e-01
-2.414755891854092895e-01
-1.787259344541359263e-01
2.780877957806063838e-01
3.895510991568448267e-01
-3.103165684393094370e-01
-2.238762564959965728e-01
4.864155377502889233e-02
2.075410405930098179e-01
4.159009001582024134e-01
-5.779563740749694978e-02
2.506583511006271747e-01
-1.997223048165631676e-01
1.699432442138864574e-01
-1.207264212506930640e-01
-2.879651410884714324e-01
-3.679577925478030309e-01
1.848738065942384934e-01
-3.549776842982192426e-01
7.465517531112191019e-02
-2.107429908952918041e-01
-5.687906302668858105e-01
1.931191269643568464e-01
-1.566903278412588862e-01
1.468731492305756225e-01
1.653562831021718194e-02
-5.723285658389385411e-01
-3.307918386971997471e-02
4.072620375308332319e-01
1.036852776031884082e-01
-2.324174740067393163e-01
2.049322736336230827e-02
5.370529275497124000e-02
-4.420941556096679159e-01
2.584470311985589963e-02
-1.881477532283083176e-01
-1.156012594466904186e-01
2.437069182045985827e-01
-5.149271050790806825e-01
-3.525246472498306249e-01
1.400874329419017905e-01
-5.160180061086189207e-02
1.524827327221160989e-01
-2.594561524111427264e-01
3.460343786971278868e-02
9.108229380922699958e-02
-7.925495741941179784e-03
7.272479169895196272e-02
1.669469441249679664e-02
-3.484067668690274955e-01
4.059828705879017230e-01
-4.606564144594942345e-01
1.803056492992528570e-01
-3.782343005763338928e-02
-7.331866016604776659e-01
-3.740374211055397247e-01
3.252870404687352446e-01
-1.201746356921528647e-01
1.467573130025697295e-02
3.850438638380635492e-01
-1.607187542297049965e-01
3.855774591048284627e-02
3.277363383833902244e-01
-2.936102864542505797e-01
-1.380530163313955505e-01
1.630586335020974553e-01
-5.887314735609656263e-02
-2.149214907141327735e-01
-2.214324017337976069e-01
5.447979189629743868e-02
4.777417840353215261e-01
-1.919120691562617997e-01
8.005794496075524513e-02
1.027033343394248566e-01
1.405212539473504885e-01
2.946785503685058205e-01
1.972328571869917946e-01
2.277117382966702408e-01
-2.637001783757277340e-01
5.362033985631543820e-02
-5.595380351801000629e-02
1.176072791003755225e-01
1.786349167196812360e-01
-8.638649434498549273e-02
-1.229602471980837108e-01
-5.100641019739123039e-02
-1.722641296959208090e-01
2.156117409153615605e-01
2.995393154734909968e-01
4.038803039787380311e-01
9.159328611406927778e-02
-1.054188535797343784e-01
-4.810440291080109176e-02
-2.873873064348619888e-01
3.113142878233235988e-01
-2.444917499341607847e-01
1.091391069491773752e-01
2.499411268549814324e-01
1.157140000250882206e-01
-3.064324529734357427e-01
1.389336461077280427e-01
-2.346710571496601894e-01
-3.155679839038936785e-01
-6.503079829960473068e-01
-2.165759896365321291e-02
-1.484828256646397171e-01
-4.946438498899059510e-01
1.807445035377494846e-01
-3.288624371771398103e-01
-1.911845292697375298e-01
-1.434094205287400892e-01
6.625295981723364758e-01
-4.239102802798561664e-01
-2.315927160117770001e-01
1.185503731646445902e-01
3.474301769086077796e-01
6.403102200640573005e-02
-1.481390853812556974e-01
4.441111401678015103e-01
2.656950470088276783e-01
3.368951763523114068e-02
-1.662624330108981863e-02
-3.254067608792156063e-01
-2.138305688379741054e-01
9.458684848724460692e-03
-8.617524429405989950e-02
3.779459868245177434e-01
-4.340536012048289843e-02
-5.228206634372526418e-01
5.640120538375089643e-01
-4.261367105242290509e-02
2.230766600656988730e-01
-1.561092955513181668e-01
-3.774261036840313721e-02
-1.653366503799958975e-01
-3.864659226192075636e-02
-9.396652004302213923e-02
6.637575567526533826e-02
-1.470032432476363615e-01
7.000114125980871904e-01
3.377898320307607949e-01
-2.101830064117510000e-01
-9.228860917238199124e-02
-1.156888864110861281e-01
-1.136506180245305669e-01
3.689145283754238225e-01
1.611039733588188194e-01
2.404102468390624803e-01
-4.809150976018548573e-01
-1.737074622351045816e-01
-1.103933401577003592e-01
-2.502258636062272557e-03
-3.477094650144054722e-01
3.447554718061489332e-02
6.523423736918221305e-02
2.617053744647550584e-01
1.985441943630073536e-01
1.195936855467582410e-02
5.856786717810431586e-01
-4.463171657033710993e-01
5.410820540266008116e-01
-1.497856427331463181e-01
1.125939466080982942e-02
-2.365063144889393565e-01
1.021791011795450121e-01
4.387077009657243121e-01
-4.034013177300092845e-02
