3.511014266097158831e-01
-4.154506971838935470e-01
-2.859969759121674948e-01
-7.596285303222786167e-01
-3.685561990822975309e-01
-1.503094920913592980e-01
-9.889515572301198487e-01
-8.261431123752095429e-01
3.785405426337335594e-02
7.053584162951216652e-02
5.701418927109515034e-01
-4.167421526789402697e-01
1.580662669218622363e-01
4.000272193129900677e-01
-4.541211844652348617e-02
8.961556626012832094e-01
5.625970129455266644e-01
-1.419394762430143953e-01
-1.721147867716469604e-01
-1.801716185776519596e-01
1.192971756216593793e+00
-2.834212638929763939e-01
-1.072495531935885760e+00
-3.297788775910157066e-01
-6.727585862555374163e-01
1.374510903289146047e+00
1.251296529724000572e-01
-2.029912581523966586e-01
-6.603334058725779387e-02
4.524776709067190872e-01
1.183806380477987474e+00
-5.412518908151739971e-01
-2.109101188633633051e-01
4.202481815856187741e-01
-6.276819076880346682e-01
8.888407902741940481e-02
-4.811889144985218580e-01
3.832392493900513841e-01
8.330044126229836365e-01
8.446606776071945433e-01
-3.085971214044420097e-01
1.083680464014929345e+00
-4.195352512110038790e-01
1.108348737086232993e-01
-4.952053970828592111e-01
9.654098106313941940e-01
-5.471891031041163922e-01
-5.401021766417337666e-01
-6.176583001351505509e-01
1.065864499874938254e+00
4.657270830076540857e-01
7.042368076660482368e-01
-8.179864778086710642e-01
-2.532577215467610721e-01
-6.575082048945171120e-01
-5.086243278171089788e-01
-1.363078626933903748e-01
5.748385004217233529e-01
6.685163083687322150e-01
3.629866133376671855e-01
8.308851180553906701e-01
3.745505878945055295e-02
1.109724474557738372e+00
1.834764172197605459e-01
6.038008822597445979e-01
-9.191385681535186869e-01
8.985737555155609568e-01
-8.631147048648935005e-01
2.821313896063006865e-01
-9.772994247231208131e-01
-8.534616937523572533e-01
-7.154172900155074677e-01
3.596511058551081774e-01
-4.126083069153250182e-01
-4.116811423728223840e-01
4.197440936254670518e-01
-8.693567089863797337e-01
2.734842529270994915e-01
1.625692774503208204e-01
-5.286298734353312989e-01
-7.477988517623376241e-01
-6.947308908020350948e-01
1.200149548160972302e+00
6.313217895354863440e-01
5.815191963121377761e-01
-2.211380294648462863e-01
-4.728762804436459355e-01
5.929829554958372384e-01
-5.517752389843253447e-01
4.677965079884248145e-01
1.054305747142602889e-01
-5.104502612489498770e-01
-1.885280307108246345e-01
-1.233989231546878118e-01
-4.027300391390144924e-02
5.723389083107176950e-02
-4.848136121507649055e-01
-7.175133734758207815e-01
4.459770681243120927e-01
5.177674757349459700e-02
1.885560375242386344e-01
3.659082293801528829e-01
-5.927457003839604888e-02
5.344088871017035336e-01
4.346239558082371501e-01
1.637335192664625405e-01
-5.700465570831297901e-01
3.029290278605166753e-01
2.590546304988961546e-01
-1.119767051208716280e-01
-8.247235237091278537e-02
3.246337877388667525e-01
2.267121965348060375e-01
1.627919753333696984e-01
-5.156383358406719797e-01
4.482181247735878005e-01
-3.817197677508972209e-01
6.122052550851999619e-01
6.499130809148626620e-01
4.389350650448411995e-01
-5.755884875282757385e-01
-5.170980480354124831e-01
6.178908705299365756e-02
1.808612344163818553e-01
1.516324225737855635e-02
-7.605541373964022633e-02
5.325598081829537866e-01
-1.043713643727737228e-01
3.270598563236658540e-01
1.234376832665686485e-01
-3.646385737716839048e-01
6.551020823869208032e-02
-4.226986820098060926e-01
-1.284196475065728649e-01
4.055768252297531906e-01
4.006422347257443395e-01
4.933271705709653121e-01
1.892266928433988249e-01
6.131919893442783903e-02
-1.095054011875758737e-01
-5.160636735653857388e-01
-2.871244356954733568e-01
-1.531097308613575403e-01
-2.226769089528653212e-02
-2.334995860978228421e-01
5.310378776734202555e-01
-1.285517049805777745e-01
1.430954478769129179e-01
-2.055154467777562527e-02
-3.302952939702760715e-02
1.153567345439786979e-01
1.493459942216362329e-02
-4.188953086886099686e-01
-7.439649288657895765e-02
4.361280782704705233e-02
-4.242650832817373430e-01
3.627126395764933009e-01
-1.990736196039048500e-01
2.603835849214750087e-01
-3.427714238090157628e-01
5.341432529004226659e-02
1.327521825620830431e-01
-3.825751217897850331e-01
4.081606300086372263e-01
1.266033721088951625e-01
-3.881035430869039793e-02
-6.430166998023703617e-02
6.858841636963670663e-01
4.106590304507483080e-01
-4.740546610233148384e-01
2.645738174141430421e-01
-2.010473581298067858e-01
-2.456896580671155961e-01
1.399562481702292527e-01
-1.309723302069839279e-01
1.984506583210710051e-01
-2.535454558951446002e-01
3.423164615475867145e-01
9.810256714240003784e-02
-1.018215019110482733e-02
2.370502219945811173e-01
6.906210045183845680e-03
2.311840161823108808e-01
-1.067756860898986249e-01
-1.752546801509651253e-01
-7.378345616892179049e-02
-1.589201336372010054e-01
2.720703548303263775e-01
-5.038268231483981896e-02
2.706916815693244938e-01
6.609515852813399595e-03
-1.769708260057306914e-01
-2.084832500046229498e-01
2.232630084336587606e-01
-3.522727824084936898e-01
5.087083194992332302e-01
1.658986016289532572e-01
-5.735772208703789898e-01
-4.848016187205790861e-01
-6.877752884340412320e-01
-5.059810583575448106e-01
4.018434478982023106e-01
1.857043418374128008e-01
-4.072311195981720977e-01
-2.544196549202579205e-01
-5.208793020274039565e-01
1.106044952615568289e-01
-3.735572006474019435e-02
-1.363627368595275446e-01
3.332759306179411407e-02
-5.231902839115032400e-01
-6.404784386706052768e-01
1.545946526063942672e-01
1.985357271315709715e-01
-1.953866165095216600e-01
1.090611560406737762e-01
-1.823117627682195319e-01
-7.697413325158691810e-02
2.304930154649748597e-01
-1.699891304863286323e-01
-1.425025016833063041e-01
-4.703706361951058568e-02
1.592220135643351853e-01
4.006934569443393324e-01
-9.474684204332232962e-02
3.007934431788665819e-01
-2.183720986259670149e-01
4.009790964732605489e-02
-1.569938391033944558e-01
2.484935792055842363e-01
5.335253479545738753e-02
2.358142849017346165e-01
2.213401313244788005e-01
-6.933177818342348142e-02
6.211421792980591494e-01
-1.707924701324576300e-01
6.200317291197945252e-02
-7.340856924544536533e-02
-7.121076944229158545e-02
2.420361658608717881e-01
-8.950681193707221706e-02
-1.772167748746390492e-01
1.498936585893339835e-01
1.837354733028245257e-01
1.600952223388479867e-01
2.779939699083516791e-02
3.785461670640070109e-01
-2.656724611169206107e-01
-2.785031921673664090e-02
2.727041796009636587e-01
8.140219357758476937e-02
1.767873973379018859e-01
1.407785566410897360e-01
-7.500247241287893996e-03
1.393744573393026487e-01
-8.100255259769323368e-02
-1.745316164195011566e-01
2.442201548268598255e-01
-2.715034410631413792e-02
-1.655691068090694162e-01
-1.508425172820748172e-01
-3.959869954807518355e-01
5.480506643426920343e-02
1.371500926002048315e-01
-2.453050688927782552e-01
