-5.706078138462244986e-01
-1.266305779941007126e-01
-2.677503159022270318e-01
1.006172941406508370e+00
-7.798111420184671294e-01
4.004899644483378429e-01
-3.131180618082093359e-01
8.062196783436992309e-01
-7.503557067825726845e-01
-6.657159222495047102e-01
8.088127698654623554e-01
5.333117362857565658e-01
3.877360784106337332e-01
-1.001199158027036962e+00
-5.985473590314966952e-01
5.456958766966091279e-01
3.629294203790295881e-01
4.087732837924845652e-01
-6.289320293750401136e-01
5.842177251687794559e-01
-1.001662548370242822e+00
-7.831961529784103870e-01
-4.371841361119893632e-01
-2.540369220164173103e-01
5.118407453542669350e-01
4.225750493808657082e-01
-2.454123530882378057e-01
-8.334651293935929628e-02
3.446794315495607108e-01
1.546831206108716161e+00
7.259552970724911236e-02
-1.552995884039083840e+00
-2.386285799965568721e-01
3.175974497149997022e-01
1.024427180879073251e+00
-6.552005752701033359e-01
-1.186506929907198193e+00
-1.758233699778529446e-01
-7.904527124938807159e-01
1.838388886331507599e-01
-9.175269778708480262e-01
-3.114481265324478554e-02
8.417900255473269588e-01
-1.594151364722020126e-01
2.680015749057145236e-01
-1.119004878778085077e+00
-3.600633633660141886e-01
5.526178992131772771e-01
-4.728791006863448665e-01
1.133057081483901385e+00
-6.301922828516904884e-01
-7.568142454655550910e-01
-2.348922313272451823e-01
4.350127159694844314e-01
-3.069414703899795982e-01
6.301010609489444692e-01
1.495226513583368111e-01
-6.165267241799478048e-01
-2.945758117765361894e-01
6.718572479366249905e-02
-6.135698566546248234e-01
-1.052301259089606367e+00
-4.228177108731470679e-01
-9.660929085840639363e-01
3.648266067949877955e-01
-8.932902579170373114e-01
-8.386167201176024655e-01
3.112036442320179619e-01
-1.500207792952874819e-02
-1.567241578738307051e-01
-8.677214475326121557e-01
-2.996042516476750406e-02
-7.986758845885139069e-01
6.019088933208976977e-01
-5.045564483097347841e-01
-6.687875758410843918e-02
3.228402106528522886e-01
4.203705729265857505e-01
2.855697227895652723e-01
2.477691077216663817e-01
7.571108280399657664e-02
1.270557623740116993e-01
-1.331471100734511248e+00
-2.428367473769259266e-01
1.186890601121516120e+00
7.871391057703100436e-02
1.106642242262808745e-01
-5.063271658976373768e-01
-5.597593236925673121e-01
-4.116057312692347203e-01
9.144016798050649819e-02
-5.262570676065568831e-01
2.030641725952131993e-01
-2.149912160122238458e-01
-2.628194160474759400e-01
-4.852107637281347641e-01
4.464286062965641122e-01
-3.629448851950295429e-03
-3.706060751850861479e-01
-2.380593642137884824e-02
2.118304946546361589e-01
-5.226675439461744288e-01
-4.659685548240802833e-01
-6.320448456175081775e-02
3.304470957522456231e-01
-4.327736388470980189e-01
-3.364576907279674955e-01
-1.632050198033146299e-02
3.250578309643042951e-01
-3.296648282023208892e-02
-1.801370311512807687e-01
-3.287635404706991671e-01
-8.231261465648781472e-01
5.969073428415180294e-01
-1.477869493797847045e-01
-1.899396837960241058e-01
-5.759757098565867484e-01
-1.045971349830980140e-01
-1.278935765096340382e-01
-3.587489694601814216e-01
-6.076213419373307500e-01
-7.599942407316087611e-02
3.457948188761460206e-03
3.596534935874726724e-01
-3.219792933776924881e-01
-8.601968673811447585e-01
1.507370129964481498e-01
-2.412935463760811083e-01
-3.547587592242967824e-01
5.984907993339011467e-01
6.015811129765116227e-01
4.269878055566088126e-01
5.020436852533660677e-01
3.772085804892026661e-02
-3.514503615534743108e-01
-3.026486903958759411e-01
-2.396664240360514286e-01
2.944039520598689119e-01
-4.033394641475019915e-01
-7.697503796685859490e-01
7.269489520149483019e-02
5.220253621019226020e-02
-1.272154458806338262e-01
2.958614759318191068e-01
4.659550429666370341e-02
-9.072067709300225824e-03
2.561712941187190840e-01
1.168498461192492843e-01
7.940228809199947890e-02
3.449904714436442532e-01
-4.257387256287015753e-01
1.192576483738564536e-02
2.647199174594314641e-01
-2.305372184410413583e-01
-4.800187782285273985e-01
5.621588113586633018e-01
-2.602832545558382837e-01
-1.350097971786151652e-01
2.099786405950678780e-01
-1.059528571118128620e-01
2.659816465599607604e-01
1.505631290092798030e-02
-2.067580831221079996e-01
1.704128371046139123e-01
1.396122177808901133e-01
1.014013817755240465e-01
4.262060851780113402e-01
-1.264214020974493285e-02
4.571984683078984535e-01
2.583772995001910600e-01
2.845039887510582011e-01
4.174976915843556236e-01
2.958457588256533377e-01
3.864649879137055377e-01
-4.892571411828230410e-01
-5.593042091547737460e-01
3.689536921531738067e-01
-2.293494280112725048e-01
-2.161580922659426252e-01
-6.486325810443172024e-02
-6.208509730200346965e-02
8.118547338290621473e-02
5.965653669756519617e-02
2.797681928716101440e-01
4.174153841589003933e-02
-2.939770580386033005e-01
2.541565426917091752e-02
-1.770365037472527159e-01
-8.239832498335064592e-02
3.927861720859705530e-01
-1.241072347849157126e-01
1.261247962292851854e-01
7.846623161873123031e-03
3.209709955285448002e-01
-3.846707220992590104e-01
-5.128935336898865494e-01
7.695531775924324691e-02
3.058525859705304994e-02
-3.374464020601057879e-01
7.562194166679300777e-02
3.271028663442806378e-03
-8.032066261465992119e-03
-2.733975673647098259e-01
-3.826104637894799099e-02
2.669284932553968037e-01
-1.634702941556673284e-02
1.358607619762416258e-02
-9.674579627443777308e-02
2.792111063300175555e-01
4.049352105408600688e-01
-2.238020379495866685e-01
-1.393715828439416327e-01
1.638270587427023139e-01
1.810820456952436375e-01
1.187807722749087136e-01
-3.850313755932879278e-01
-5.379663106831844566e-02
6.861357424542925687e-02
3.034258053718549841e-01
-2.602625424390633269e-01
-2.563476685263958998e-01
-6.113709443509790509e-02
1.233584046378455035e-01
-1.674608035523995619e-01
2.315488117942861579e-01
9.973156015085456183e-02
-2.816204907850222150e-01
1.931755889493486644e-01
2.200725805099185417e-01
-2.238828866650111049e-03
-1.741209342920392034e-01
-4.128938355055337683e-01
7.853988854390480112e-01
4.165669562340389431e-01
3.237628309643301727e-01
7.400234423246018767e-02
2.477356398818320593e-01
-9.359518969216103212e-02
1.081833077427030998e-01
1.999919293346798521e-01
-2.020812064130809160e-01
1.871011321001558869e-01
1.397957112315499906e-01
2.239491292484485085e-01
2.227832588902178140e-02
-8.688172061499611909e-02
-3.836263500098286983e-01
1.738364589660726656e-01
1.641931911314593595e-01
2.667841928792499817e-01
2.156241405726371241e-01
3.068643644290466876e-01
-2.419800428121320068e-01
1.205519390940346380e-01
3.390920767060112140e-01
7.194275815013001507e-02
-3.185092653954563202e-01
7.044939087985056803e-02
1.885919098964768115e-01
3.200338071484233327e-01
-2.177994860070488203e-01
3.231569398203547050e-01
1.266067974071643232e-01
1.592421990320518899e-01
-3.106870268169631411e-02
