-7.079525967344412196e-01
-8.512025054471097918e-02
-1.189039874339837377e+00
5.939616021784103195e-01
1.184974231124302779e+00
-6.856436642116588986e-01
-2.010051261583545648e-02
1.317601177010779834e+00
-8.267748058820864054e-01
7.226816996801925796e-01
-5.538396337788169532e-01
3.370968552539278518e-01
1.000346923319067605e+00
-6.199147417085186795e-01
4.576265945598767537e-01
-4.543749910092610422e-01
-6.550901038808412125e-01
-3.336753782331090545e-01
-5.763523325985822066e-01
-1.203079929924369296e+00
-5.206669537789495594e-01
8.388219363437541265e-01
8.455957923989165792e-01
8.381011811659040411e-01
-8.190340272399381227e-01
-4.617119774943377886e-01
9.220638288954603468e-01
2.683382266016832718e-01
4.268502144052663261e-02
-2.736735956832741512e-01
3.428017914524483789e-01
-8.864709074736567551e-01
5.195577253151822950e-01
-3.876441189898356954e-01
6.157967956817933519e-01
-4.266505981104329326e-01
3.759899824093196341e-02
-9.417337629914773744e-02
-1.004319756398247998e+00
5.129234578776937781e-01
4.863777185183255636e-01
7.292362649329083846e-01
-8.290407276028505246e-03
4.028070578106414112e-01
4.055534334889207559e-02
-3.067161321370197036e-01
4.271435261098606440e-02
-4.490179625387342166e-01
-5.398468998672164565e-01
-6.818400282603921392e-01
7.819986909293666910e-01
-1.461554207451306042e-01
9.575399011339083000e-01
9.468325531848662546e-01
-8.552167535968486778e-01
9.508658763478736731e-01
6.157229590892188131e-01
-6.296732060387698615e-01
-5.799095573404877690e-01
-5.826821341805619170e-01
7.111240215059205783e-01
-3.637650004514339508e-01
2.317361932190805662e-01
-5.009258277314779240e-02
-1.150396565345614130e-01
-3.344543834971212548e-01
3.945674666251588469e-01
7.177351225781106736e-01
1.086087832089454724e-01
1.103029002327922670e-01
7.730276528798782909e-01
2.876306845257755596e-01
2.665886995900098588e-01
7.205166968764205038e-01
-2.167426635307831417e-01
8.445382739651590143e-01
-2.360915179460448265e-01
8.357272334338226860e-02
-1.206355454908805136e-01
3.536373548311678716e-01
6.430643718117004526e-02
3.940293835578952963e-01
3.788630934148826679e-01
1.980840431381636346e-02
-5.422915546628485073e-01
8.702113470646082316e-01
6.598557803419933254e-01
8.568055019031206587e-02
-1.405618068065562498e-01
-2.299461136093906288e-01
6.467268216490940080e-01
-1.748636894139832254e-01
8.894138793803933740e-02
1.152925196634349420e-01
-1.315714390405886114e+00
-5.001604253128240085e-01
-2.542388683576906061e-01
2.607268655502875676e-01
-1.011209871878477051e-01
9.633856841712142016e-02
4.696507313337980882e-01
2.747433430122590142e-02
1.147040852767532843e-01
-8.306444231562604141e-02
7.029925537676272596e-01
-3.602991693846839816e-01
-3.908304877452624115e-01
5.029555289372128479e-01
2.659359394618709960e-01
5.335333838110879467e-01
1.836200377734360234e-01
-4.962042321096488129e-01
5.021791091246580185e-01
5.069977683114254008e-01
-2.502950370856826257e-01
5.346138239950046778e-01
-2.116179601131900623e-01
-2.909098486256880833e-01
-4.046806611456861269e-01
1.216383195589808341e+00
5.923267464937060495e-02
1.843373428276177950e-02
-3.276179184542188927e-01
-1.107473386990616565e-01
3.592915915705036101e-01
-5.335424026281193610e-01
9.824697152273272061e-02
8.473127959065072101e-01
-2.839144587627730199e-02
-6.283127891990594183e-01
-4.011352998146385795e-01
-2.945211766471780290e-01
-6.792630826856747017e-01
-8.143717536818564917e-02
2.080759371445497774e-01
2.924113706864471529e-02
2.536236726192779567e-02
-7.200838988330316992e-01
-2.031211051457316175e-01
4.765804972841641840e-02
2.790578993981718825e-01
-2.376613353834704789e-01
-1.442119906808224938e-01
5.657909212243754649e-01
4.672665174161556578e-01
-4.456037225598163398e-01
7.304749187594454518e-02
-6.181072703737450214e-02
2.898433352974148502e-01
-1.589122112123444175e-01
-2.164142547608605138e-02
-3.009472509091307701e-01
2.636249186094409280e-01
-1.574588079034853205e-01
1.373580303801879010e-01
-1.123240649217473464e-01
-4.620616061861750890e-01
1.303340711288538123e-01
-2.547421885625363869e-01
-7.902548622735443284e-02
-4.526779307561525356e-01
-1.838822239461978258e-01
-1.454008962048624620e-01
3.203965316134577690e-01
5.187777305952839813e-02
2.803915135131376246e-01
1.201603871907783033e-01
3.956230981442712125e-01
-1.316808845020930041e-01
-4.593293392133347419e-01
4.103239027942252037e-01
-8.819114456611309993e-02
-3.491813374742233078e-01
5.726384187218271915e-01
-4.337151512794473751e-01
-3.727898534874967140e-01
1.927260146254795303e-01
-3.430446953683058964e-01
3.190207961052451413e-01
-1.769445554196442394e-01
8.589756143359437990e-02
2.615252243604133109e-01
-3.481183985984743767e-01
-4.559532831757826532e-01
3.218004893125169241e-01
-2.290632995323091947e-01
2.255152845527970129e-01
2.267299751668253593e-01
-4.050812869510302394e-01
-8.379310229408262756e-02
-3.125192649295912006e-01
-2.881062860852375840e-01
5.160843094423839261e-01
6.115001911495523967e-02
-2.901837702416575349e-01
2.587064006602946553e-01
-4.296605577324909969e-02
1.448817528121596476e-01
3.360093723518061126e-01
-1.056918009452832707e-02
-3.007352293573164470e-01
-3.037627888006374510e-01
4.022633736856543463e-01
-2.505057292068304520e-01
3.951031469591029244e-02
-2.051410830899833559e-01
5.593086511896209201e-01
-1.966999691798838601e-01
2.374479711271028637e-01
-1.532040014829622043e-01
-7.781315637585177747e-01
5.907670195932349655e-01
-4.407249781400900956e-01
4.246367687163159488e-01
6.023215158757850435e-02
2.710400430163535379e-01
-5.745064533726886857e-01
3.709664684630909481e-01
3.526369543141162355e-01
4.607114854585493413e-01
1.597712290937865487e-01
-1.477219302112884880e-01
6.207621192474507832e-02
-2.961023232482130896e-02
4.738549842979840609e-01
-2.653710903246841446e-01
2.819222705026663833e-02
3.312008902286631695e-01
7.435289205070682028e-01
4.924866381825354633e-01
2.336245336500217262e-02
-6.111950025225831862e-01
6.519772559317725535e-02
2.369676962716587565e-01
2.291475835430125396e-01
-1.201193966544398389e-01
2.882830282624236351e-01
8.485569352823668643e-02
1.562412517097706011e-01
1.998702358624288022e-02
-6.191926544361084361e-03
-2.173961782350072591e-01
2.484942581605733281e-01
3.579301874742860656e-01
1.078016086485990843e-01
-2.539288537010331859e-01
2.656435819123614817e-04
-2.776747311883631664e-01
-6.305808335547019583e-02
-1.729652231061118428e-01
-3.385153968348312281e-01
1.969761753644806990e-01
2.619589718095917119e-01
3.958684191473223479e-01
2.653761176440306430e-02
8.742110903834170166e-02
-3.978958522517812568e-01
-3.099149828266256623e-01
2.998787657381797311e-01
5.477389981957763165e-01
1.760126397910905666e-02
-4.263184110645385494e-01
1.780962997329201269e-01
3.242235158947525675e-01
-2.857791065981093448e-01
