3.470479349293313365e-01
-8.177098962340899613e-01
1.050030511789905446e-01
-4.637194733480742848e-01
-1.031202960996560059e+00
-1.162698996092573545e+00
2.240276178759444681e-01
-5.912465449851865840e-01
-3.641687864279217202e-01
-1.481791194988444582e+00
5.178239506310977625e-01
1.289840398822833301e+00
7.562740389590695278e-01
-2.329090908839685781e-02
-1.715749058315659825e-01
-2.628976457874502293e-01
-4.593073859128955078e-02
-8.484813339988519498e-01
7.640999464469850899e-01
7.936706004917094548e-01
-6.403692418900528427e-01
-2.907904804590523695e-01
-6.146784503315234627e-01
-7.631105945186691386e-01
-5.827592824743250688e-01
-2.663102233510938888e-01
1.182535449470492939e+00
2.279305597362144831e-01
7.893945545510672179e-01
-3.547418410447259474e-01
9.504080766576106232e-02
9.432046695595412700e-02
-8.063747861078386370e-01
1.676981297191254550e-01
5.548709295335007008e-01
-2.937513279990554005e-01
5.606280066171319687e-01
4.292032184180947368e-02
-5.803054995169569796e-01
1.882420456441304957e-01
6.194282124267607159e-01
9.250864160548591952e-01
-4.300866541648024066e-01
5.313750499258252935e-01
6.912514538695134769e-01
4.594063070676418503e-01
-5.489753089717500645e-01
-2.140677626487418606e-01
-3.080481839982079917e-01
-6.962639260515605111e-01
-1.662239004931653774e-01
-1.586215291162673124e-01
7.933658856739537191e-01
-7.762573636271166144e-01
-1.499590842185329065e-01
8.006633742494534411e-01
-2.010796770023885738e-01
-3.975153019839141044e-01
-2.088469906301700096e-01
-6.106971371498711720e-01
2.937047408820713246e-01
-2.456204915302210579e-01
-2.516589097614858606e-01
-7.777614350592003678e-01
1.749578926084355279e-01
-6.514549814117622795e-01
-1.285904777087839013e-01
-2.594699745061415097e-01
7.360442116838251669e-01
5.910970740262625478e-01
4.615462017724803467e-01
6.033524364545077567e-01
4.235942425808041922e-01
-2.877289507198049073e-02
-5.050307410219737614e-01
-1.497852939001898531e-01
-3.931981101091326647e-02
-7.436222124527366861e-02
-1.251744942185452625e-01
1.629160275442422257e-01
5.840363383476565584e-01
5.093017106737318667e-05
-1.378876509465969957e-01
8.418794267252543984e-02
4.005795019932917311e-01
2.194496317076542746e-02
2.638083930086089768e-01
3.065628438249933252e-01
-8.672540169546684441e-02
1.704054652837496409e-01
2.973185734417717052e-01
-3.466791297712606967e-01
-1.334540480446233524e-01
6.143389413069848259e-02
-2.651141119182347516e-01
-4.539305361992781451e-01
5.335201642352684070e-02
-4.415253180648012754e-02
2.798312357059078992e-01
-7.696501101779291698e-01
-5.345417705881609916e-01
-2.458647007553806385e-01
5.745445388125762776e-01
2.256322432472998296e-01
-3.351910626449260966e-01
-3.685632821114679381e-01
-2.310488536383667191e-01
-2.236697228996641917e-01
-9.568768000185859379e-02
-1.836840446507334579e-01
-1.932301546561121519e-01
-1.586482416062190426e-01
-3.105186738733813068e-02
1.013455478733054776e-01
-4.816066593392844819e-01
3.922870023924097671e-01
5.002944584232207337e-01
-3.394415478040817558e-01
-5.518186839476653394e-02
5.137407856793261285e-01
2.204893236981784188e-01
-3.288015120782813994e-02
1.337312910432124635e-01
1.875095330998046150e-01
3.737097554074940153e-01
5.415211158992067064e-01
2.482899165045201473e-01
3.435628031959679918e-01
-1.931627745379075889e-01
-2.209687971041113808e-01
-4.896762979684327055e-01
2.271833460444244446e-01
5.449026883442480429e-01
2.739004684811103818e-01
2.019432622825884649e-01
3.832031529344698262e-01
-4.343808926218842847e-01
-3.128657157927444143e-01
4.476435309413329677e-01
2.752642390509539294e-01
3.536530492536461567e-01
5.778763250488219705e-02
1.967807875441840437e-01
-9.273204637088754143e-02
2.459709047203028909e-01
6.919845387415672622e-02
-4.341988984025078047e-01
-7.882952551511412942e-02
-8.020050970487360709e-02
7.793139302717672079e-02
1.725232730653726287e-01
-1.259225336279163054e-01
-3.205599866005887089e-02
3.728869549339128842e-01
-1.103142919287718182e-02
8.938373818224058798e-02
4.460064415106549385e-01
-1.759470449420870164e-01
-5.000458932443712090e-01
-2.873602009209729746e-01
1.618908955842366659e-01
4.547037454590066585e-01
-1.249361791711593381e-02
-2.339426561714344210e-01
-4.259252759352161188e-02
-6.898434706134075334e-02
1.931977723554156867e-01
-1.068296341858487875e-01
1.089832622219454594e-01
2.399214591143253583e-01
1.697036450395227603e-01
5.496365247893150036e-02
7.438562048582214592e-02
1.502235486009509402e-01
-2.300409542736665258e-01
1.735659313201622367e-01
3.534539202989269574e-02
-1.650895575232337598e-01
2.677361493452787289e-02
-6.607030933909380233e-02
1.433977706540018882e-01
5.660196324432910375e-03
-2.258745895036761431e-01
-2.499458108555262237e-01
-2.894539503831983218e-01
4.976928736722989466e-02
-1.981533940873418387e-01
-1.497863902161890859e-01
1.633042570704389129e-02
-3.906827620881918040e-01
1.905781419641131846e-01
-7.330755082045573023e-02
-4.567229038501134653e-02
1.141177760706620636e-01
2.165574179438118363e-01
-2.781270563878464053e-01
-7.895656042015986031e-02
3.438777603631422153e-01
-3.763257221452555312e-02
1.456889810743138003e-01
3.089842530943966159e-02
-1.749127775811350899e-02
-1.568636577338429761e-01
-2.466313623574756600e-02
1.596197918201651689e-01
-2.261727125957637141e-01
-1.029758384226757834e-01
-1.015254464784877270e-01
2.441860062695724864e-01
2.026403051691352264e-01
-2.714408310352330878e-01
1.204617690829676291e-03
1.723552406212447152e-01
2.363816232476386170e-01
5.380862582799721822e-04
-2.324104192636228805e-01
1.447535616631723254e-01
-2.105644910576591200e-01
1.900966014891941891e-01
1.809781577319539980e-01
-3.673462957999881762e-02
1.503534188272680483e-01
1.551321069125990437e-01
2.446768258337121138e-01
1.569883072622236808e-01
8.168184499066954984e-02
-7.278991068445761492e-02
3.798632295772784717e-01
6.077761103807517024e-02
4.612423921032579588e-02
-1.446611007922427306e-01
-2.785561309824394760e-01
1.567113946390935320e-01
-1.959473569562022177e-01
2.693235063333550561e-01
-5.223182572146995994e-01
2.564920821104145210e-01
8.760183446924030282e-02
4.776390102443456853e-01
9.591959114838288780e-02
-8.741277309933292994e-02
-4.909255988871312482e-03
5.485251027798149215e-03
-3.833451289058033007e-01
-2.203061474888763083e-01
1.000534659220514572e-01
-1.204523233976668162e-01
7.219347786038587955e-02
-1.280972331783650220e-02
-2.707004708714672025e-01
-1.084214410694270964e-01
-7.002019932093042631e-02
-1.356570612219090699e-02
-5.227326399040711780e-02
2.585618309280855731e-02
1.360257698566001427e-01
-2.845390230539026066e-01
1.159061113512500490e-01
1.191110016713577968e-01
-1.910969255071109929e-01
-1.938484475525311529e-02
-2.989910406012299959e-01
7.704795798744815127e-02
-2.510082944289810936e-01
1.729578364517415645e-01
