2.438062791205004021e-01
3.292986523614360728e-01
-6.659678489509540666e-01
-7.247449938437955375e-02
5.741428810592177356e-01
-9.553513004941709408e-01
7.759310130294573282e-01
-4.047016240898030498e-02
-8.185419010238217385e-01
-1.017636904734441794e+00
7.443959295885196337e-01
-3.428163388768245556e-01
-5.356761708879853590e-01
-7.671609020565712811e-01
-1.107608090183366256e+00
-1.513160984266255782e-01
4.449201314719891664e-01
-2.078841750608600991e-02
-2.787978220913209793e-01
-7.152819064383717507e-01
-7.381167149651075565e-01
-4.762844538152236074e-02
1.106377132361587301e-01
-6.154802328648028426e-02
8.607404284753807922e-01
-5.305054072242195717e-01
-6.777388171025779950e-01
1.002099465531741673e+00
-7.940065859407854365e-01
1.103139693580101444e+00
-3.977342464763848895e-01
-4.112575718840247307e-01
3.194062355683047194e-02
-4.659968228328577045e-01
9.631566789237777648e-02
4.007353995072659991e-01
-9.170686230097642166e-01
-3.202451872800167743e-01
7.555119806531424009e-01
-3.344174657167035131e-02
2.075018547830477789e-01
6.245424526786838015e-01
5.411200109134961522e-02
6.937659951388754076e-02
8.866451980964697999e-01
1.968748903175341486e-02
1.038388943640732032e-02
4.100428139149377982e-01
-2.680765485419207561e-01
-3.520896154589709393e-01
-6.806633842886579133e-01
1.648725219670366116e-01
-6.202560043113367755e-02
-4.281966456431108847e-01
4.201055316310759458e-01
-6.053132232102014232e-01
-1.225045834963321700e-02
-3.498753214818239865e-01
-4.901266247404710841e-01
8.872116426195331140e-01
-1.634348701306842511e-01
1.690447317441249875e-01
3.400768584293871466e-02
6.969032522774477600e-01
2.158005861125812108e-01
-1.429125010975277055e-01
2.076787369493342805e-01
3.445823783205232416e-01
-4.024859431439498092e-02
-4.385101794260040098e-01
-5.339955639811060362e-01
-9.270698751356061251e-01
-2.862674773030084441e-01
-1.163669088368240179e-01
-7.559858670442926032e-01
-8.637318703309402323e-01
-5.338572649912063373e-01
3.710935486263823857e-01
5.506850135254473533e-02
-1.804779646815828087e-02
-1.388616950582047815e-01
1.815951236274764291e-01
2.746568588556287938e-01
-6.969091588453862895e-01
7.365747812117181548e-01
-4.720540472765433204e-04
7.546585601431779478e-02
7.704263472368674259e-01
8.845245618727515247e-02
8.192008200518723360e-01
1.858007451435698121e-01
-3.071331882190481144e-01
9.181809722883346736e-02
-2.855346002928577098e-01
-4.037721454048147640e-01
-6.368225844356092402e-01
1.276832592194956373e-01
-1.884831153938192339e-01
8.587050061602843898e-02
-1.254114371858966737e-01
-1.356077730333431486e-01
4.221864612563557273e-01
4.369706100057289822e-03
-4.549976797806796758e-01
3.638996860540578138e-01
9.715643103336554787e-02
1.815754270704043327e-01
-2.730139640850528515e-01
2.661473013791888498e-01
1.380615410354779082e-01
2.505883725698537789e-01
-4.719513665663109814e-01
-3.840062129097370214e-01
3.489066277233339730e-01
5.782219811353360717e-01
-5.830629374799958797e-02
3.001334308287518793e-01
1.407101590245867784e-01
1.304875272987714441e-01
5.272900174293047026e-01
8.555612677330478588e-01
-3.308727488810764283e-01
2.241805876216195759e-01
2.587911679266881038e-01
2.681723952975453296e-01
6.393569241799118563e-02
2.744362902727857101e-01
-4.497716958759712114e-02
7.441795870595517837e-01
-1.557076282431131831e-01
-5.269790729322807454e-01
-2.662215506844957114e-01
2.515492464001269912e-01
-6.376680844732570685e-01
-5.872306102381583681e-01
-2.347046855125466958e-01
-1.171510529308013027e-01
9.631941012297212668e-02
-4.798343650080527656e-01
-3.480396717315503013e-02
5.454771365089612356e-01
-8.734922375133184758e-02
-4.704611189171189478e-01
2.866017768778823527e-01
-5.464536713873258122e-01
-1.713812711018076196e-01
-1.311636459994070802e-01
1.472765878273511464e-01
3.550986678608776814e-01
-4.108742199646031046e-01
-2.374603334045801428e-01
5.421400861628201950e-02
1.510299329826093884e-01
-4.847755489883626145e-01
-1.480380484448594602e-01
1.306809422395679987e-01
1.355784610509120636e-01
4.928202518937960797e-01
-1.193952498811582802e-01
1.338537521126892393e-01
3.691426314273069109e-01
7.027254509946831429e-02
-5.052703143472404568e-01
-4.305124306472090101e-01
3.032684907412834807e-01
4.741797680181736308e-01
-3.252109029059807588e-01
3.913836787062044409e-03
1.628280892537468660e-01
6.242562853412556012e-02
-2.247019806315864177e-01
1.398285284656641814e-01
2.945950685704835648e-01
-2.656956864843076221e-02
-2.711526206162937283e-02
-4.286811838421356602e-01
-8.327909703658421536e-01
3.821328069204673050e-01
3.950339606958788163e-01
5.235704770906525474e-02
2.770223118227497228e-01
-2.631212693402083524e-01
6.738975378131064620e-01
-1.576848700363080169e-01
-3.728163072652280752e-01
7.963063340374104682e-02
-2.025498678463769631e-01
-2.455533290868124607e-01
6.300723490101635127e-01
-1.438933847411098532e-01
-3.270408889609471847e-02
-6.044867090683771205e-02
2.802879426893701842e-01
-1.320685755277624662e-01
1.410699158439503997e-01
-4.214497213763599426e-01
3.638317977623181654e-02
-2.405459821061306513e-02
5.621658292038174132e-01
2.720818060682625439e-01
6.054217829668265272e-02
2.346863562748528198e-01
4.739681231172454545e-02
1.232856046208131995e-01
5.531860059726390055e-02
-3.077166893792776525e-01
2.221435781081037841e-01
-2.417013150594112814e-01
-2.119349762930454739e-01
-8.240587712731850534e-02
-6.616675142204013760e-01
-4.991124904383099914e-02
2.764181409038864862e-02
6.088852321428941949e-02
-2.585692024949005074e-01
1.283125582731927117e-01
-5.303882298589981392e-01
-5.469655399269324897e-02
8.259443006270908438e-02
5.559230585877015240e-01
-1.611835512237954071e-01
3.737454942370633804e-01
1.382224617249068199e-01
3.985345764997882956e-01
3.110762727326370491e-01
3.057075678466017465e-01
1.279048625543847684e-01
1.062938165993404793e-01
3.818256526314294241e-01
2.165516906930817498e-01
-1.890294917688215559e-01
-2.030499894482261092e-01
1.510900045580507167e-01
-4.731588433827108031e-01
-2.262601341128314403e-01
-4.355843339267672087e-01
9.233051489376437049e-02
-2.883819743261947788e-02
6.681203611908011208e-02
-4.298470619723055997e-01
2.020231479471985558e-01
3.005768337659008027e-02
-2.671725984806565535e-01
2.486549486975134782e-01
3.608448404298021384e-01
-1.190263403708883005e-01
-7.729625928250521971e-03
-2.282013474438249201e-02
1.638536861791886901e-01
-1.279405249818348356e-01
-1.605768144113169094e-01
-7.731232457971508598e-01
3.758486320412697257e-01
2.645989117063037854e-01
-3.469215720423621807e-01
-3.182686732462800538e-01
-1.759643262410435505e-01
-8.007384139957131330e-02
5.815215934565980405e-01
6.380645924590445661e-01
-2.703410905384944218e-01
-7.521277299955060613e-02
9.929294107768955879e-02
-3.517460458301383541e-01
2.395403875504818758e-01
