1.041029896248529152e+00
1.013746243037528139e+00
7.961653680119286092e-01
4.205841117543097640e-01
-4.885517712715873873e-01
9.460829672367786491e-01
1.099093701526129563e-01
-8.740472473186717828e-01
5.651398628921975309e-01
-3.201313927748212218e-01
-8.101741297727167446e-01
5.659195711949698282e-01
2.112865082635375369e-01
5.904451866518061198e-01
-3.330270819930526427e-01
1.068977825456817743e-01
-8.942683039512370202e-01
-6.537121487472677961e-01
-4.058307786968012865e-01
-4.961016490564928438e-01
6.106137618603626471e-01
-1.227930298265188958e+00
2.956427471343068825e-01
5.317296872795679308e-01
8.314176943765413386e-01
-1.248871150306547717e+00
8.870242040578437681e-01
-5.590475743048847201e-01
-6.722008026014079096e-01
-8.536130673514924494e-02
3.177238686097066389e-01
1.115570591262234235e+00
-4.852423654128916741e-01
-5.533466535166429168e-01
-9.027091350330166408e-01
-1.042972111980247307e+00
5.749882971385356090e-01
-6.740985582705871781e-01
8.392179542617734800e-01
-5.860583110499868464e-01
7.527141391930197711e-01
6.639781013445815727e-01
-6.494464828720855065e-01
-1.126354489661839819e+00
-2.240666196281182118e-02
9.732372876300775522e-01
-5.463696610132716680e-01
3.326572610445625022e-01
-2.602800546102994328e-02
-3.139385165820575696e-01
-1.536474705274506192e-01
-6.627932916442095257e-01
-1.273847334581102719e-01
-5.693685602722353689e-01
1.003809771290238295e+00
-3.833837033441930831e-02
-1.048167183193729812e+00
1.133680737234695535e+00
6.657997830306188192e-01
2.071563358291060863e-01
-1.909816526338831144e-01
-6.001133378859735412e-01
-6.464650775765682367e-01
7.545462749688736093e-02
-2.464956965745148526e-02
4.175265909766242567e-01
4.588686413519922347e-01
-1.310605359005248549e-01
4.972007599481399476e-01
-5.796702934695205922e-01
-4.322335202010244015e-02
8.700410655688883832e-02
-8.209484668222580828e-01
8.013974330140845037e-01
-6.528776572326465688e-01
-6.202051113877141697e-01
-3.441727731840996674e-01
-2.269900365459148750e-02
3.353633218162769408e-02
3.307828528416420499e-02
2.612059821262591175e-01
1.573787986774727032e-01
4.791928466882713900e-02
3.315434561348126752e-01
5.812468315014547304e-01
-3.527274714720629589e-01
-1.737463789881765752e-02
2.874714268691426211e-01
1.854062152608216829e-01
5.048360187071659899e-01
1.656826237379284694e-01
1.143024101202748666e-01
-4.815873308938759534e-01
1.721871020047294754e-01
5.076692390550489042e-01
4.326315423131685822e-01
-1.592879315145766250e-01
-5.427910799061839153e-01
8.475762893512472917e-02
-7.549014599663034231e-02
1.188071342466935354e-01
-2.081387422225350337e-01
3.218403819596953874e-01
-1.504879867451636710e-01
1.875217111966231420e-01
-3.502758352363012917e-01
-1.007261186875592907e-01
3.304896066762785245e-01
-9.122925954180832742e-02
1.536840321359766448e-01
2.319616266104218560e-01
-3.286861861678243013e-01
2.783487767158452364e-01
-4.272458650780509015e-01
2.184141999923746025e-01
-1.630049559957939542e-01
2.469008019588339042e-01
5.297709371112057086e-01
6.932141348354645127e-02
2.155981492824310397e-01
2.436631559997324420e-02
2.871483696631568078e-02
2.593396683228968436e-02
2.652582664998467954e-01
5.193730392925087758e-01
5.409936482039028327e-01
-2.371280147647204239e-01
3.008967889964957454e-01
1.494532245361520073e-01
-8.091024798890125713e-02
-1.925896758145419774e-01
-1.465508718348307038e-01
-6.471468882499196162e-01
6.173855534476497819e-01
-3.429016745742650696e-01
4.312433838111974505e-02
2.653100018072784838e-03
1.095562747018196115e-01
-2.300982314424362962e-01
-2.844189302276842191e-01
-6.970861991437008465e-01
-9.301934193582364618e-02
9.141024243154706463e-02
2.538418776496940699e-01
3.036252713495795064e-01
-1.772485824419796629e-01
-3.841502331921788915e-01
1.677126184128624464e-01
-2.162274890388388715e-01
-8.672944818273296830e-02
-5.295846713431687780e-01
2.942058097636181535e-01
-3.861511005922405593e-01
-1.445617971534712276e-01
-1.546982101966782319e-01
-7.906810243810669103e-01
-6.255816906375957775e-03
-1.601184076804505474e-01
5.089833257500480101e-01
-1.883832175398001130e-01
-6.760220278118201920e-01
-4.291338651640545510e-01
8.155739796236429751e-01
3.985476845568905468e-02
-2.211061244915960566e-01
-2.883948989593587142e-01
7.636549818365816478e-01
-6.642840325804597046e-02
-9.220545422686055037e-02
-2.241891177107423472e-01
2.306380786736368371e-01
2.562298564430490200e-01
-8.803670018408002451e-02
5.496256997234530428e-02
-4.602558238501357202e-02
2.386483336207473327e-01
2.878544674657464164e-02
1.364745610075173143e-01
2.765921005476376648e-02
2.753300186911145087e-01
-6.922126671234167805e-01
-9.737846781578046729e-03
2.457116652185982186e-01
-1.537892657541876096e-01
-5.166121208260260333e-02
1.240800245933964818e-01
1.960796033887851619e-01
2.084493245787088500e-01
-1.620920834764089380e-01
-2.159367106864848451e-02
5.188410141480145343e-01
7.922026520320456233e-02
2.337710403621046651e-01
-3.874660831593377819e-01
4.887231598511998509e-02
-3.313828855803901963e-01
5.513733017555635940e-02
1.432776846736737719e-01
2.339626634151147355e-01
2.246837987661253477e-01
1.334635117639703661e-01
-3.988985874765713646e-01
3.790377995736164685e-03
1.518875191060360674e-02
-1.666251359838894219e-01
6.053423855425154460e-02
1.781937212777107149e-02
1.836926421758172945e-01
-1.136202729836638670e-01
1.091824248005532488e-01
-5.759370224965668639e-01
-9.674079612561947705e-02
3.353231859063792175e-01
3.677529202553329046e-01
1.023747266616062135e-01
-2.294267432789467986e-01
2.718079970211119134e-01
-1.628453683821190490e-01
-3.144107504745910497e-01
-3.704040592641856811e-01
1.068458329056611589e-01
-8.683123301920007975e-02
-1.080469211811139474e-01
-4.207826728170382946e-03
4.881275065209826347e-01
-1.548858068514111785e-01
-4.555973487916903375e-02
3.718013017405916165e-03
2.510010989833064698e-01
-2.515979301751335440e-01
6.975077618562286474e-02
4.859563333172135791e-02
3.889737386270217812e-01
2.307909498378285518e-01
2.769496972615216324e-01
2.710501679251497986e-02
1.732954434976441416e-02
-3.259331255493479185e-02
1.084653310065880616e-03
-2.391720306270432306e-01
5.005812462114503925e-01
-4.069612812681356329e-01
3.686270284951351228e-01
-1.184404389757739984e-02
-1.943583777134996193e-01
1.315092836329971315e-01
1.425307952258220712e-01
-6.735433266410240094e-02
-8.118450616979160095e-02
-2.005489326394014060e-01
3.053816531994987815e-01
-2.993269805764097180e-01
-2.146524116133156079e-01
-1.263013076320871897e-01
3.490782861138430615e-01
-2.870870013051439740e-01
1.081956338151205399e-01
3.329549194893010461e-02
2.250870695833771529e-01
2.603734192652869539e-01
1.293578101810622383e-01
-1.578782266386316580e-02
-2.376671601567297287e-01
-1.067650667878499021e-01
2.618694010042020293e-01
