7.389970029954587849e-01
4.909647629954947412e-01
2.280941570851514610e-01
7.339500664911753625e-02
-2.399347975173226899e-01
9.182729185221488732e-01
-9.135163155702057391e-01
-1.623442033771312465e+00
-9.119139122654897900e-01
-2.550347808911482272e-01
-3.289169558648102898e-01
-3.405821853969558943e-01
1.200140292020130506e+00
-2.503117106730932129e-01
-1.215237623765814956e-01
-6.331971581811237648e-01
4.516804653354909715e-02
4.495011305722660944e-01
7.363675652794102744e-01
-1.118165019428903229e+00
-1.156492615279628655e+00
-4.371987420870048768e-01
-5.119348898188916808e-01
-3.880345212730498816e-01
1.700801175278532362e-01
-7.194133372062930243e-02
-6.452337840151741721e-01
-2.493051112012210635e-01
-8.701029454367587013e-01
-5.438186085196540231e-01
1.719865999581969840e-01
3.547638598050964487e-02
-1.716242163750437144e-01
2.761872413875594567e-01
-5.299303247054826249e-01
-6.014525509152602867e-01
1.035825898116777610e+00
5.858666029897998673e-01
-4.010472472059502524e-01
-4.177257224027101090e-01
7.435369260760676946e-01
6.583266348315999217e-01
4.011302068780133734e-01
-2.085478332409288760e-01
4.632719612812243315e-01
-9.402369718416034305e-02
1.699719073082568421e-01
6.601037868771880701e-01
-4.624813966186258618e-01
-2.003584464817459720e-01
-4.523105124246536990e-01
-3.405394089176760897e-02
-1.703471054450691191e-01
-4.314417108758039632e-01
3.418707721868494698e-01
5.267405738939727744e-01
-2.960239822825517786e-01
6.429135301050775686e-01
3.950447448423102248e-01
-1.398508169340519636e-01
3.106739104566635379e-01
2.371549616377653380e-01
-1.236171236605776852e-01
-3.937252254736799961e-01
-1.158682982795984223e-01
9.946632499480041745e-02
-1.084576377088593280e-01
-1.374193748080608235e-01
-1.293753587233240909e-01
1.853828349995310654e-01
-1.124677753859742446e-01
1.606865012375945923e-01
-6.047224183831959587e-01
5.369225264868705133e-02
-4.774715624072741749e-01
-2.137287752272895303e-01
-4.590112064233535794e-01
-1.842377736776080743e-01
1.976533380981637111e-01
5.866912527832031099e-01
-2.570043407247531442e-01
-5.278807976298799387e-01
-3.650296998427661199e-01
5.172466425029077497e-01
-2.533007247802624984e-01
-3.604895670863996204e-01
5.333641854674471550e-02
-1.354119177606794011e-01
2.768734864576618548e-01
8.342223867199456688e-02
-2.436718789394895501e-02
4.128262555211216212e-01
5.977879144375374265e-01
7.892270210439743527e-01
-3.390931518850178739e-01
1.816020900278265127e-01
-5.810108524919691542e-01
-3.036803283438232470e-01
-1.818156273106833476e-01
-7.445677434382683701e-01
-3.195692184862491403e-01
-1.920681074215730977e-01
3.253553391991428345e-01
-3.355377278377603689e-01
-5.350781480341817442e-01
-2.353068703547496199e-01
1.578699922257914556e-01
-4.086960323149788077e-01
-4.467186527244657590e-01
-1.145302637688949687e-02
2.626921000014905694e-01
5.896854938157510828e-01
-9.887543898528143582e-02
4.930382566107304187e-01
2.647599487340467350e-01
-2.510502241530211398e-01
-1.458835520070669578e-01
-1.982316849456449148e-01
1.362656721358252998e-01
3.049338370257444475e-01
-2.990805128919026279e-01
-9.803867936527377314e-02
2.382526353326969992e-01
1.294279962043196619e-01
-1.393326582614597964e-01
7.455636099005355510e-02
1.699933552018645100e-01
9.101458418535790518e-02
2.404295413425036609e-02
-2.092325633057215695e-01
9.934676705822653719e-03
2.196158946503066201e-01
-3.818520265966095922e-02
-2.203416437512005152e-02
-4.550212091465945241e-02
-3.071173000388545682e-01
-4.233551312628611174e-01
-2.483816058486494338e-01
-1.990987444827715391e-01
-3.259535850245852684e-01
-6.763208614930511786e-02
-4.711263146951086833e-01
2.298702306885653524e-01
3.812746994394141664e-01
2.065692765964581568e-01
1.996411617417148121e-01
2.656169684841214740e-01
-2.010492935470910014e-01
-1.409915040082906634e-01
1.829409858882296569e-01
1.138091641050951661e-02
6.822319754561295690e-01
-3.508549588604990555e-01
-9.068407225374827685e-02
-8.477466789901554056e-02
-4.226380039721433501e-02
1.813731868671989433e-01
-1.811294363497490678e-01
2.400356914983595713e-01
9.559273376511284032e-03
5.918208095813951020e-02
2.130491144133046522e-01
-1.576667679166500746e-01
1.143352846931445788e-01
2.700621234806319659e-01
3.428095268293861186e-02
3.063870185824287828e-01
-2.110169457580263475e-01
8.522114141367617690e-02
4.665384323151969270e-01
-4.790294482531828879e-01
1.537347337572995964e-01
2.223518765527251750e-01
-3.049732391646855501e-01
3.514883573706821529e-02
-3.660129999514534771e-01
-2.661817720351247751e-03
-1.448231965651165798e-01
-3.905144219551919815e-01
-4.311538746748453388e-01
4.119135355647189911e-01
2.937222661878786945e-02
-3.228156136901609852e-01
-1.175188781106793062e-01
-3.660803196904973689e-01
-2.236577762951920956e-01
-3.659291104856386423e-01
-4.330871034104922801e-01
9.335416618447869852e-02
1.046248503938446150e-03
1.229625779704555111e-01
-5.908556047087747398e-01
-1.820160860351696941e-01
-5.443354406355710440e-01
2.449641393140142009e-01
6.371420187805620916e-03
5.355425665293026549e-01
2.656580578218216693e-01
1.900661812865746536e-01
2.129823509805161552e-01
1.731598389397463744e-01
-2.857574083471644544e-01
-2.622523833073583943e-02
-7.220610029333995872e-01
-3.874647898377786004e-01
-5.020426022915245312e-01
-3.918001915939557933e-01
-8.419165093136525557e-02
4.077008332121030421e-01
-5.054885011124476274e-02
-5.815661877481888009e-01
-7.618415154533362266e-01
4.563710323548921255e-01
3.551956229213398264e-01
-3.477825171727939035e-01
-4.979522345934505045e-01
5.543997252311701901e-02
-3.246668331170490807e-02
5.689616677882585183e-01
3.892596130883028693e-01
-3.832928620288628130e-01
-3.552433627653687198e-01
2.547919651740177538e-01
4.893455897755691897e-01
9.973496481212437703e-02
-2.287867634714900456e-01
8.522036134782401406e-02
-1.405107869028188183e-02
-4.169910115531743622e-01
-9.390026772803894417e-02
-1.406012190509915993e-01
-2.554559104704478001e-01
7.394984942577267906e-02
-2.124426781269117548e-03
-4.479628189338898808e-02
-2.840871070658468889e-01
4.506627028512680960e-02
2.327784588117436104e-03
-3.392046036828684219e-01
3.130572949649919057e-01
6.580890541021668094e-02
4.151967149501567533e-02
-2.371312077529200493e-02
-1.123859429118223008e-01
-5.620128311736696247e-01
-4.141974801357111158e-01
8.898520037441626229e-02
-1.136508604986138510e-01
4.273243824265899882e-01
8.255064477513331944e-01
4.987824060930839964e-02
3.956380394142933188e-02
-1.377449540345298540e-01
1.499802011919937617e-01
6.606395310979232272e-02
-1.838337576548965957e-01
-2.010331601460526030e-01
1.797634446924767093e-01
6.823139820742245287e-02
-4.158870771076554618e-02
-1.968783617784485018e-01
2.617952247622012951e-01
3.748832093807046018e-02
1.891589923979469234e-01
2.317000731466488106e-01
