-3.583949599513710504e-01
9.125851127387683004e-01
8.437213711218289891e-01
4.600076683232464519e-02
1.397872317388174357e-01
-6.636915463183351571e-02
8.955004800565539991e-03
-1.145152117392126634e+00
2.027581424009183841e-01
-4.316054478736087163e-01
-1.178070658731882325e+00
6.100718928579078604e-01
-1.344821345991274342e+00
8.310362582890926664e-01
-1.287998805478695052e+00
7.776953115954492457e-01
-9.082836337731404752e-01
6.050086450735246979e-01
1.829593384367511621e-02
-9.028872076557004078e-01
2.556949650799252849e-01
-7.702571841900730520e-01
-9.031869289671506928e-01
9.302206008266772352e-01
-9.772284504370967184e-01
-4.953618329427067479e-01
-1.487697386594168669e-01
9.824907912849577540e-01
-1.119065631694348362e+00
-7.920289160994030686e-01
-1.095641380800538967e+00
4.074326736429585427e-01
3.371662074333261483e-01
-4.024454817552587382e-01
-1.311781364963543195e-01
-6.548182669280977475e-03
-2.794244727845823784e-01
7.361391801502822352e-01
-4.745074257353720792e-01
3.270754301766396477e-01
3.468486991443633927e-01
1.065088434527831973e+00
7.155314476223038067e-01
7.676666723627725286e-01
-8.503315103721177659e-02
-2.092461957247881976e-01
6.075463253773782935e-01
1.574659102087933027e+00
-7.863450348406350043e-01
1.888978978303254841e-01
1.591797230621452494e-02
-5.089514718435652618e-01
8.608616936696279476e-01
-4.987900480523393965e-01
-5.760682784280344304e-01
5.191979239323651907e-01
7.495151817624500223e-01
1.207097763545829761e+00
-5.182131097651793139e-01
-1.333658047843314431e+00
1.156051099077664013e+00
7.044306438537220050e-01
-1.308649566985928603e+00
9.702983181711605232e-02
5.565023939431854583e-01
-7.811935998874808273e-01
-9.958288886922087579e-01
4.776364413832733802e-01
-2.451979524699058888e-01
1.220274735002665922e+00
4.606644476072321304e-01
-1.710798076365265818e-01
-7.343741552966118746e-01
2.131020162198000167e-01
4.928036706739744588e-01
2.284527652768962580e-02
6.168285209042319028e-01
-3.455295977512393701e-01
4.135128255639890504e-01
-3.809764251880273234e-01
-5.554190822544472633e-02
-2.551035746239274649e-01
2.935208658166835183e-01
9.009201043799910380e-01
-1.159973479100542049e+00
7.945721764540304433e-01
5.579444273078797423e-01
-8.107468954916532411e-01
3.461559395212029933e-02
2.672219214908390095e-01
1.387155573354779126e-01
-5.104500833510811075e-01
4.409401504617480039e-01
4.253711668838618815e-02
-4.983653135083500607e-01
2.351508296226746952e-01
4.320313397657046250e-01
2.892863224232067321e-01
6.987678967255266382e-01
5.666610189057188496e-01
2.802609953232080842e-01
-1.337749237843306460e-01
-3.547943312972732244e-01
-3.335852663759372727e-01
3.862684361290066315e-01
3.403161910070340301e-03
6.290898414706107555e-01
4.525975450454705618e-01
-3.251007223512361044e-01
-2.233943047081121125e-01
-9.982967183630581109e-02
-1.763414793800657798e-01
-5.510812953553639870e-01
2.236551363763207567e-02
-1.180220386860765802e-01
-8.600027775685170628e-01
-6.766072536621463573e-01
-1.856444236644234358e-01
1.885659434970266557e-01
2.183230302966386871e-01
1.690320613982835840e-01
-1.909653269944342480e-01
1.423938706214104288e-01
1.425940385703770019e-01
1.850156202984269416e-01
-3.210855094345214100e-01
-2.794577239082668418e-01
5.154597283306603384e-01
-1.484270397134568875e-01
-3.651932886677473067e-01
1.544392223264682285e-01
-4.564472456054227134e-01
2.261908069561486545e-01
-2.113605052047453636e-01
-1.602998768654551043e-02
1.372280756520327660e-02
3.337906847328444560e-01
8.450419410161408296e-02
4.196508588608749424e-02
-6.685138053778084677e-01
1.292620052163751532e-01
-1.740427632022343296e-01
-5.493421621965693946e-01
-8.471486506269217120e-02
6.965350102918824171e-02
-4.586518291160057714e-01
-5.927001796677826562e-01
3.857944515648230599e-01
1.174773970925077765e-01
8.843818776747092159e-02
-8.047776943002774019e-02
-4.091495095341771693e-01
-1.462766349054100690e-01
-3.268262286152930907e-01
6.726959582683856853e-01
3.727326487916719777e-02
-1.740040802373356843e-01
-4.502692475633244817e-01
3.559993281114731123e-01
1.013395574701083102e-01
1.443029111269489850e-01
7.566349580102256500e-02
-3.790501586693547642e-01
-2.237188396758008624e-01
1.313255706421619373e-01
-2.623648170855687467e-01
-1.000856849732948556e-01
6.198617320047708490e-02
1.595749038147952215e-01
1.791915261455978015e-01
-3.658312703738344496e-01
-2.166464478549784411e-02
-6.366355454455671636e-02
3.558634710404805501e-01
1.347214563392504505e-01
-2.303560609731348519e-01
-2.557288050971187610e-01
-2.800769419647260450e-01
-4.889192514589902339e-01
-1.916431911432735224e-01
-9.394063453221293547e-02
3.443705036289153032e-01
8.540822249774573938e-02
3.500530476426839677e-01
1.489919048643304211e-01
2.170181171507808704e-01
-4.641892552133658478e-01
1.309757312608673258e-02
2.762527163000987052e-02
2.569771097918938096e-01
1.423666951838385430e-01
5.088082936766389341e-01
4.966328149673372438e-01
-2.060412543695942789e-02
2.559408819851489714e-01
3.212409433380652296e-02
4.862995472969233735e-02
-4.328615340283570312e-01
3.923743313053405513e-01
-7.545590353356894375e-02
-7.762681532307558196e-02
-1.550155839780595068e-01
3.158086028487127050e-01
-4.731363819710630580e-01
-3.542411200882488176e-01
-1.382538921705692425e-01
-5.198449200375588886e-01
-3.411419680165269641e-01
1.586965400216886965e-02
2.508092073886023510e-01
-2.542240370329228449e-01
3.788083507408868678e-01
2.353690433486113343e-01
3.256030977777280011e-01
-4.857035056902531123e-02
-3.364256566758664357e-01
-2.406167817578666601e-01
5.052023709747939240e-01
-3.804718483986171962e-02
-8.915062056845629579e-02
-4.370552553408018626e-01
-3.934152800024126595e-03
2.027819992104901159e-02
8.209455518203388757e-02
1.352870649154976068e-01
2.064069132980476395e-01
-6.476908819585962540e-01
7.231958885700587314e-02
1.231962522422980350e-01
1.807878593225260011e-01
2.188342164961676883e-01
-2.990985866079287625e-02
-1.955546261236805472e-02
1.414317955204127397e-01
1.596098482661722495e-01
-1.571214680348176629e-01
-1.227663041204896527e-01
-7.023862907637573594e-02
1.557433955463267128e-01
1.298711360032770434e-01
-5.053190351718134243e-01
-3.526769840683805501e-01
8.349475171041520483e-02
-2.942030295021217934e-01
-4.476534611807604647e-02
-1.183706077356646014e-01
-5.093617066940857585e-01
-4.102628208954204464e-02
5.176386537326910231e-02
-3.336537405280519675e-01
-1.770370484052303239e-01
1.870889566624668321e-01
-2.855383923331864665e-02
-2.836428542290102273e-02
-6.407486589684242839e-02
-1.202882866430158293e-01
-2.466006408661457483e-01
3.196695392586559881e-01
1.022375401164602460e-01
1.232490493027910972e-01
3.272006365352558843e-02
1.044218922868720423e-01
2.757973767899830064e-01
3.608583197825995792e-01
-1.611873786042655743e-01
