1.191758212946602224e+00
2.271461883809150831e-02
-5.600187310535873486e-01
8.644994566489695720e-02
1.082675203370758038e-01
-1.101102180336201108e+00
8.830703283701291095e-01
1.369817533867143222e+00
-1.495466760804806117e-02
6.655898174990977356e-01
-5.454107918905138908e-01
8.536552032773336851e-02
-2.064209420586111676e-01
2.743786415267426837e-01
-1.143388732936886587e+00
2.904705011977507523e-01
1.457652395111930232e-02
2.215805481984909481e-02
-1.488944658348554384e+00
4.273252588860892431e-01
-1.098469808487693378e+00
-2.702480600445135439e-02
3.384927370948300207e-01
-1.013802639919758608e-02
1.727098392373114022e+00
3.244687400854822101e-01
1.166028341700667686e-01
-3.790508859884234028e-01
5.045792906727956106e-01
1.136865798987278381e-01
3.590589954041531473e-01
-7.982011119429477386e-01
-2.158781970247330984e-01
6.496995866458926683e-01
5.498495269572092337e-01
6.193391012019109354e-01
5.204076882213081179e-01
-1.206595878106846431e+00
1.007168910284328867e+00
1.106582730196565389e+00
-8.226208727292549927e-01
-6.507524933315540494e-01
-6.783920762942863281e-01
1.288479519405631102e+00
8.570564972935297288e-01
8.792895288736084503e-01
2.211364360676921215e-01
7.781770015679646824e-02
-5.628118707094788009e-01
-5.897398838929052145e-01
-1.367060849829630831e+00
-6.219289761224747748e-01
2.598013292134728758e-01
-1.030216855872194831e-01
6.066408514154147946e-01
3.630503447693963492e-01
4.819733659589278130e-01
4.839887886902635161e-01
1.188348909167551010e-01
-2.805893937907804614e-01
2.918254987554916302e-01
-2.280722068224368126e-01
3.610124358459489424e-01
7.280096003285091433e-01
2.080669915664714043e-01
2.071885660334339685e-01
7.375040495185692935e-01
-3.091760199209785953e-01
6.847339388117973380e-01
4.312493781197223597e-01
2.691036633676806289e-02
-4.008586571068216697e-01
-2.975526456232265304e-01
-4.571430365209196989e-01
6.348903298484905866e-01
-6.428001924716775228e-02
-6.061003967291848094e-01
3.977667127202161312e-02
-3.658832362817634465e-01
1.554860671284371831e-01
4.620706852445056190e-01
-3.031660981784718711e-02
-8.194169556391223130e-01
-4.918647754831286800e-01
5.189941843760700335e-01
1.741194375469045652e-01
6.336917111720256068e-01
3.072743757488052840e-01
4.494476189042079795e-01
4.917958687573401044e-01
4.636267847967219247e-01
-6.512386860270991118e-01
-1.266397224143621103e-01
6.290968730072115100e-01
6.184274727739077493e-01
3.062645476219514884e-01
2.011375476493429959e-01
-1.088201207009210636e-01
2.876260428861451279e-01
-3.985873150603336246e-01
-5.117398724527282283e-01
-1.139360928697676911e-01
-1.919018518978229948e-01
2.186353255828040465e-01
-1.682414165675483186e-01
6.404717667428914962e-02
-4.012454801609967592e-01
2.694830085042898560e-03
-3.405294247912691308e-01
-4.693712111579071422e-01
3.833711931349061963e-01
-1.832753787341616369e-02
-4.422886828940721937e-01
-5.022393156200475328e-01
8.139725799177272014e-01
-2.051820317183231102e-01
3.956168787828264755e-01
-5.694433930719144943e-01
5.230030954377412611e-01
2.021495569686360683e-01
-6.193777816146671666e-01
-1.377418425950855396e-01
8.129849397494712804e-01
-2.014093437137044751e-01
-1.092156323801358325e-02
4.264616554654568348e-01
1.870422764529281467e-01
3.524909804344086295e-01
-2.366853441726923454e-02
1.144358701758130259e-02
2.062353018748043776e-01
3.535014522904773027e-01
-5.230687191204159703e-01
3.565235863368324543e-01
-8.024950387370788363e-01
3.769157723503318014e-01
-2.237424843663979590e-01
2.647778261618757845e-01
2.726041292280889650e-01
3.028589074684703286e-01
-3.695678436837453451e-01
-7.386378699847019336e-01
-3.311228335569428305e-01
2.630515296125499614e-01
5.101372678355409196e-02
-2.836168514346306541e-02
3.836476438718961490e-01
1.197593098546783363e-01
-7.303332226143560701e-02
-4.095352856436817457e-01
-2.583268846993811985e-01
-4.593512450575178430e-01
-6.096141695278128880e-01
7.558140435410508617e-01
2.449027389800265131e-01
9.454070731927650961e-02
-1.318739407983985368e-01
3.813788537382580834e-01
-8.797215290493906603e-02
-3.900122900257667613e-01
-1.721603361795329482e-02
-2.145444517616897917e-01
3.493713062193193886e-01
-1.876754844369102337e-01
1.734976370263335288e-01
3.244605815581399488e-01
-3.086709556233654950e-01
4.568364002826381665e-01
-2.481210946982865817e-01
5.540994575086209961e-01
3.362280144387770342e-01
-3.269185499409006934e-01
-6.334998955236500473e-01
-1.759537382959607266e-01
1.332533899917427433e-01
-1.875428918295000136e-01
-2.790594040910245321e-01
-1.535273631527409588e-01
-6.942565773515048388e-02
-1.987887859672794744e-02
4.797658588805148727e-01
7.196722995604291073e-01
-1.102520340704762070e-01
-1.330978497177529585e-01
-2.545578111106647223e-01
2.373611463621685402e-01
-2.355609038822134016e-01
2.918953683755827755e-01
1.233531527617239970e-01
1.676498374458018914e-01
2.014943198862714224e-01
-4.174042873058555481e-01
1.756673576089995414e-01
5.211088273750194011e-01
2.594037440272222161e-01
1.360150310299804710e-01
5.688784218818714322e-01
-2.355894681038590288e-01
4.902790837215568187e-01
1.259607540641396461e-01
-3.120705768524803525e-01
-2.560485220219166358e-01
2.726886604711014073e-01
3.972110528812705654e-01
1.931128554775250750e-01
-1.022206129549877857e-01
-6.371036519434739032e-02
-8.716069645675714184e-02
-1.642763247520100112e-01
5.736211752560803623e-01
-2.819189497035107794e-01
-1.414824774723390521e-01
1.880321766792440175e-01
6.437608897817947984e-01
1.989212046686161250e-01
-1.094640614495084319e-01
4.494396920889760505e-01
-3.487190624376368953e-01
-2.043624340904679759e-01
7.526203381486273880e-01
-6.681077634024074063e-02
1.390174017928384187e-01
9.685914641714042650e-02
-4.420103371267152248e-01
-2.247009902121256397e-01
4.521928003694877796e-02
2.226735208161302881e-01
-4.241385851630680714e-01
1.450267802902578951e-01
2.691457036758416743e-01
-1.414919209531368682e-01
1.883661163450446596e-01
-3.578029214759404497e-01
4.458915141175782970e-02
-2.757174808846979408e-01
2.037196768022200843e-02
-5.285558683623789999e-01
-3.326452926026288170e-02
3.049156544044142603e-01
7.179135149571157226e-02
1.743317336661093508e-01
-7.703323951037586992e-02
2.630136721852123216e-01
5.118184330768207890e-02
-2.602296956033846032e-01
-2.108335769120747716e-02
-3.593111936896480341e-01
2.005665441158638040e-01
3.001594736832285948e-03
-1.159564638369571105e-01
-3.817895950468205152e-02
-3.239608111046855532e-01
8.642226912587701315e-02
2.782031844790997521e-01
-3.277270917872693867e-01
-2.739824740297860384e-01
-1.889778626387297877e-03
1.597395454419839322e-01
4.375375226748134949e-02
1.399237902190341165e-01
-2.519107176986213892e-01
-1.303809250234833073e-02
-1.477144369580459249e-01
-2.833011339014245289e-01
2.210147806244390778e-01
