-5.780123443435133401e-01
1.722142948029345422e-02
3.112129340806950584e-01
-1.757815516184796922e-01
-9.356553595861520911e-01
1.035983102298477787e+00
3.582263253889594323e-01
-3.567993579518409508e-02
-4.588828801577556904e-01
7.212997068223800934e-01
2.376189313600216568e-01
-9.817399060552515211e-01
2.348364113329194924e-01
-2.713445194604672261e-01
-3.521250747603816844e-01
2.488307377096746487e-01
7.558348205370233330e-01
-2.715516451385546204e-01
9.253062362980656319e-01
-1.949694243510675107e-01
-4.824337327623236527e-01
-5.430014618339140675e-01
-6.066537955605815213e-01
9.210893875530273833e-02
2.294160485804846994e-01
-6.227360972796315286e-01
-1.017419159148417185e+00
3.584273848361405057e-01
-1.832026273936492866e-01
6.017883942930484231e-01
-9.440224187697570102e-01
1.417598226875311340e+00
1.079829772736563109e+00
6.062493196170308796e-01
-5.342634068720005791e-01
-6.061495451822326297e-01
-2.790205754962925000e-01
-7.815054792197302369e-01
-2.446464394472940562e-01
-6.157990727493862781e-01
-1.168864921757406805e-01
-7.932561276446705723e-01
2.419281498472035732e-02
5.158158512713205690e-01
-1.175917577375449108e+00
7.923993914501603619e-02
-4.583928781837981470e-01
-1.136507784630128803e+00
-7.757093423818324229e-01
-7.697464792922023569e-02
1.093465651321803289e+00
-7.223445648633941563e-02
-1.011707047238650237e-01
-3.045836542425275906e-01
-2.915395920330199897e-01
-9.545104664761375757e-01
-7.404966747166750185e-01
1.572135781092817985e-01
-5.454456435312459162e-01
3.962661346908145088e-01
-3.170566835678530482e-01
-3.940799397187493280e-01
1.034622856071907959e+00
-1.788643616894762811e-01
-1.074802880436658004e-01
1.895406865571098165e-01
-1.276046761572977861e-01
-5.524380136295893307e-01
-1.656532188434426123e-01
8.264581279966612959e-01
-8.608887153639476209e-01
-7.566709246041948278e-01
2.499465247235097554e-01
2.990934030204943639e-01
-1.849069609501937939e-01
1.027551556790377019e-01
-7.617693589044167712e-01
-3.018200402954218098e-01
3.303721704399848469e-01
-2.266482299025063263e-02
-6.746344896483258413e-01
-1.484128076888590608e-01
-8.885441951036723851e-02
-1.324477187565445135e-01
-3.052499606504331942e-01
2.353464266151367723e-01
6.266821879733939227e-01
-3.130451255239805608e-01
-2.488107642030870092e-01
-6.456806880672192328e-01
-5.310996601011657159e-01
-3.874399927546190447e-01
-5.639080068719153349e-01
8.001386917985030545e-01
1.295967485977624345e-01
1.666181480115125624e-01
5.111123913391987239e-01
2.330793492065047490e-01
1.116778895756528889e-02
1.265123676067339553e-01
-2.788087923809489665e-01
4.156167524140559344e-01
-1.064202602988058022e-01
-3.601516891681141308e-01
-1.475471663930777166e-01
1.411157920924854259e-01
-3.855148771390769225e-02
-7.902461797161219881e-02
2.830687607823560437e-01
6.361615757500023449e-02
-1.290698877223891705e-01
7.548800032970906515e-02
2.542814858923971300e-01
-1.781032841081081619e-02
1.402137397143396469e-01
1.716608233769106873e-02
-3.702477150463838740e-01
-1.971125871699614673e-01
3.433988807429053658e-01
-2.141484770048273090e-01
-4.090154008390513574e-01
7.835940854153983226e-03
4.179217372549556275e-01
-1.770068468632721992e-01
3.951919684974156688e-01
-4.266488830610264960e-01
-2.527654284841345800e-01
-3.287173451721653872e-01
1.858508472484563523e-01
-2.370289843898659154e-01
-6.548999271457947025e-01
1.046507416703873483e-01
2.980201396203097097e-01
-3.578039804533654222e-01
-2.735245651039192039e-03
3.121959159869626410e-02
-3.908675662631465597e-01
-4.087932476704769780e-02
-4.146671858448805481e-01
-2.957011159284209656e-01
1.461028010147219225e-01
-3.019806731706061731e-01
1.072148765460260167e-01
-1.519431105952629979e-01
3.377658428990648609e-01
-1.931309904021204782e-01
2.491900527239556129e-01
7.017246141910440937e-02
-4.131382950883195904e-02
-3.442490798192180956e-01
9.270757064039605866e-02
2.465355167851080997e-01
2.446032062109293193e-01
2.551169183071694269e-01
3.005782152871340207e-01
3.042362547654031135e-01
-3.298703769999510732e-02
2.519278509661614096e-02
-3.787385131219768164e-01
-3.644402229794878600e-01
-2.538248968158874352e-01
-4.296128741018801628e-02
2.473415354447663084e-01
-4.779908967092366678e-02
-4.026627183628347928e-02
-3.103568460961854680e-01
7.151714071238713943e-01
5.115640511486629904e-02
1.122625347218896841e-01
6.985229250538173285e-02
-1.889866796494025225e-01
2.044888943082528998e-01
3.799023428698120597e-01
2.751286014935282465e-01
9.580284406176345358e-02
2.856961501009698257e-01
7.897976219337790593e-02
3.945224022261508562e-02
-3.640014263885266166e-01
2.076726492583245431e-01
1.372279965545815661e-01
3.441395562980151257e-02
-1.470109605098515737e-01
-2.683250008794977326e-01
4.654757271567720733e-02
4.488348089279953212e-02
2.844599630735565876e-01
-1.919139045373894348e-01
-6.644840880435537445e-02
3.000108928837691979e-01
5.385467887437553336e-02
3.951591211954263994e-01
-5.935141781768225877e-02
1.820148057795091256e-01
-1.396697614143914135e-01
1.999960667548325854e-01
7.815280789473461054e-02
5.443759107418214699e-02
-7.721125855600055599e-02
-3.506500474785340105e-01
-2.686019798638846212e-01
-1.919939472548413129e-01
6.524547876165167626e-01
-2.007158763859686612e-01
-4.108089929637290250e-01
1.790745440000870714e-01
1.110602654059110045e-01
-1.059186041214740248e-01
-1.947514542354866762e-01
-2.173591984024335066e-01
-3.667044188061363563e-01
-3.189785489635784677e-01
4.787492282980033709e-01
2.664885666634335126e-01
-2.362918015254503179e-02
-6.394775824843569600e-02
-3.556635741831787878e-01
-7.742107872902176391e-02
1.089785200535417220e-01
1.113073707916084620e-02
1.331307329231530279e-01
3.842068548052880034e-02
3.696524449609442375e-02
9.994996308680181851e-02
3.171471921156424623e-01
-7.501171944696753691e-02
-3.259457480863582335e-01
6.814097344564868930e-01
3.679399209643889890e-01
4.131949856205398980e-02
-1.952467225895275216e-01
-2.420352407061607258e-01
2.285788018845952285e-01
1.897998417398708559e-01
-9.256332394681610065e-02
3.080105517094063883e-01
-2.064892784859283514e-01
1.209223819493568108e-01
5.378168468981869843e-03
-9.829244537898601530e-03
-1.702038052218146635e-01
-1.792417215550928533e-01
1.450287977515766769e-01
-6.365656422639101586e-02
1.253846183489318311e-01
-1.359227888126935402e-01
-1.039986711171557443e-01
3.090471892505643192e-02
5.775052287857265210e-01
3.114200882956177918e-02
-3.414596568204176785e-01
1.709185295660885229e-02
-3.768351536944263280e-01
-1.708709323522886181e-01
-1.229011237639853205e-01
1.733690765528723698e-01
1.592958239410207921e-01
-9.579772449066989437e-02
5.552551918011747745e-01
3.105594518294311768e-01
7.361389707136470339e-02
-9.313538355394740398e-02
2.549224624851972876e-01
-5.073039993349190424e-02
-2.850624015938145184e-01
