-7.969735445949851504e-01
6.770351677170000082e-01
-3.602779648517933642e-01
-5.014839836592831224e-02
-5.631931514425438934e-01
-6.289744150072520412e-01
8.090021622453125172e-02
-4.630560566589265736e-01
6.131388867034051060e-01
3.857871394664597053e-01
-3.134541776929629098e-01
5.011891288734617866e-01
6.503439173786242922e-01
-3.533483457098507419e-01
3.711715137148191568e-01
-3.627012692251720960e-01
7.738940170878314539e-01
1.322891050543630320e-01
4.208910149260058353e-01
2.502834651069824612e-01
2.114928422696306931e-01
-1.128268155754769353e+00
1.142032325859218878e+00
3.207580090537432982e-01
-2.076725369051569681e-01
-2.797352390440495662e-01
9.583231739545720052e-01
-1.059419145104640192e+00
-8.338625471055844951e-01
-1.428545433860522351e+00
5.556876480887739111e-01
-1.018906865050066113e+00
-2.235881060888229022e-01
4.924899963073600673e-02
2.689444760282173053e-01
8.339205631017141407e-01
-1.425461566156204229e-01
3.211555146854243037e-01
-5.423489140993200675e-01
-1.301747260383443017e+00
1.126202806851561017e-01
4.745189496764215531e-01
2.240450949171765571e-02
-9.443539569250889443e-01
-5.487975731305431148e-01
7.884597214971235113e-01
8.409443428847498403e-01
5.153440736695018287e-02
-7.388106886958600850e-01
-3.107501125231677541e-01
-6.875903580773532475e-01
-6.111393709172358024e-02
4.940413376355027308e-01
1.139453306959154366e+00
-4.312609357455192693e-01
-1.454513143085873983e+00
4.771926637915137048e-01
7.447361163757779678e-01
1.242728094731397892e+00
1.239003173928097667e-01
-2.242921919852350898e-01
-5.557205565645662038e-01
-3.377892868302343476e-01
-4.660244147277742277e-01
-5.668824585452067466e-02
6.141320160229126746e-01
1.885882844722203827e-02
-7.478337442422338111e-01
-6.754388518473990466e-01
6.321671248186986336e-01
-3.031137267345228592e-01
-7.984658528042990477e-01
-6.955495402586042708e-01
-9.515476975336150112e-01
-3.682323603663720246e-01
-4.691859580287821574e-01
-1.086519136977731836e+00
-3.117656762513782986e-01
2.169407921025234831e-01
-4.690187015280018468e-01
1.229029765438350436e-02
-6.249554859743267077e-01
-6.238931753729263230e-01
-1.319541516892601241e+00
6.527105450023625022e-02
-3.019678846943851802e-01
2.426319038317790305e-02
-1.409097235528639080e-01
5.250540537106872935e-02
3.807746984411894964e-01
-2.938721030780520604e-01
5.439121610220806757e-02
1.325033569055598659e-01
5.474709683523220072e-01
-3.506803695151744504e-02
9.172298839708328821e-02
-3.244719379468395948e-01
-2.725214175792699534e-01
-3.634995886567073953e-01
2.604266577249286230e-01
3.945094459428034883e-02
-3.086039963737160496e-01
-3.122336325088579945e-01
-8.897896239175369371e-02
5.114569599227636494e-03
-1.752832790462776069e-01
-3.785675534861370206e-01
-4.299358609277012522e-01
1.038585438442544417e-01
-2.420487494430930142e-01
5.569065212665613718e-02
-6.883355939178301686e-01
-2.000453298122506773e-01
-1.370647867084737459e-01
-9.555560479736142920e-02
-3.254223953109879330e-01
-5.830971739429532952e-02
-2.590786896091917813e-02
8.490098637507587087e-02
3.382699727937757972e-01
5.328640225964043076e-02
2.487381692814421008e-01
1.143411751462471426e-01
4.894890537977715783e-01
-3.444791350414993514e-01
1.356683266020740075e-01
-3.951343238023214549e-02
3.790443504977197842e-01
1.710053354020692473e-01
-4.911821844922488120e-03
1.688320715336878164e-01
7.145586882606080881e-02
1.291962621574764269e-01
1.892151368113657028e-01
3.227399929183080024e-02
3.554772427393687595e-01
6.211198115407590148e-01
3.877515021504022164e-01
2.587606888740192623e-01
1.615399457031538866e-01
3.158587359295787489e-01
-2.567481453585033213e-01
-1.785084395271776814e-01
1.976680779562074997e-01
1.239675435807880977e-01
-1.277052704188710863e-01
-2.905733631252729876e-01
-2.686590586667419456e-01
2.897898023966131165e-01
3.260771650297136781e-01
-5.754969409085858995e-02
-7.052839018109130498e-02
-1.170660600333434109e-01
2.186777177299587260e-01
-1.257734863446972884e-01
-2.455251922885961502e-01
-2.312119736861050490e-01
-3.641236570736999800e-01
4.665401129048990514e-01
-4.724513826103327041e-01
2.620610084351371882e-01
-2.446832914291235950e-03
1.369620489178956513e-01
2.063070034167192590e-01
-3.467122860352970792e-01
1.433095865451804174e-01
-2.520873569095090083e-01
-1.435175128057599725e-01
1.679846175143091258e-01
2.481050041521281613e-01
1.173463427084904670e-01
2.306973321927042464e-01
-1.333721963236500496e-02
4.732645457573287501e-02
2.420228096869652401e-01
1.733824101202738610e-01
2.420571268477203497e-01
1.554205846772266364e-01
3.049883198562897690e-01
-2.886566956655621796e-01
-1.488352405076752982e-01
7.751485106797412206e-02
1.979442791235904719e-01
-4.391570553718237568e-01
-3.269926284587737486e-01
3.867066656979786798e-02
2.863107283616422305e-01
-7.652974435545478737e-02
-4.855600834032377522e-01
-2.007816654684710378e-01
4.732164101534406392e-02
-4.222531687349444507e-01
-2.196608090825209747e-02
-1.921683598113922975e-01
2.800159284832978157e-01
1.806421069552347214e-01
1.605973968348670122e-02
-1.049285252169801508e-01
2.652589247162960850e-01
-1.747252965887702292e-01
3.975748627327859719e-01
1.721184371192202023e-01
4.847118144250091298e-02
-2.332367417538727117e-01
2.218771584929423724e-01
-1.564835264635661694e-01
-2.187211183689316274e-01
2.020162768063059333e-01
-1.255408347539571923e-01
1.047387744639989848e-01
-1.001340939598811819e-01
1.650912912426876489e-01
7.345909460504829180e-01
5.627971707833273607e-01
2.131867357548918318e-01
-1.362426434882607618e-01
2.411781957699632717e-01
2.714940765674930812e-01
2.883112170130457397e-01
1.833938048749423899e-01
-2.449297512672937160e-01
-2.194641465089958166e-01
2.147118617409898012e-01
2.591101809721306770e-01
2.129525361236437875e-01
1.375702117589499285e-01
-1.071102666724020602e-02
-1.388177580697903465e-02
6.284781940809220924e-01
1.317320736459653141e-01
-1.065372333010453504e-01
-4.477091660564904152e-01
-2.091813686255309945e-01
3.399580881390876219e-01
-2.515993346281962251e-01
-1.689541185763687725e-02
3.848444513234178244e-01
2.044350755032357803e-01
1.346360516491050541e-01
-3.010235587227855780e-01
-9.869655290211262755e-02
9.707397690935568035e-02
1.945628917796628499e-01
6.422892206376665247e-02
1.070829481573583319e-01
1.322607239930521095e-01
-1.346931907706838405e-01
-2.498780272712497474e-01
-2.988952540051810144e-03
3.160079954979586048e-01
9.028420770686636232e-02
-1.484653050091906401e-01
-3.024828799893622411e-01
9.171870719030440766e-02
7.300778265383664478e-02
-3.321361561286457764e-01
-2.249145128300960583e-01
-1.127729956409822959e-01
1.322923791025808204e-02
5.682848145102087356e-02
-1.897707437848206169e-02
-5.911975404719016502e-02
3.553719781339848005e-02
-7.728826844135455731e-02
-1.047480271183475198e-01
