-1.024677143788912392e+00
-8.553468554429359827e-01
8.802171027855019148e-01
-9.953016941362197167e-01
-9.953183675038318468e-01
5.056943850898730775e-01
-1.406826493189373695e-01
-4.471662989616814743e-01
1.305331390935760227e+00
-5.676502751742698027e-01
-7.105310692456133781e-01
8.583765210354461495e-01
9.648454097350538383e-01
3.790240695337373511e-01
6.110410349041338618e-01
1.413798159584452041e-02
3.933048522027051686e-01
1.016283941601731078e-02
1.082754241689148467e+00
2.576703437378404793e-01
-2.821317643158960942e-01
8.542898484992375585e-02
1.168358515806202091e-01
2.593041720493493574e-01
7.637325935481988903e-01
5.033907487054622987e-01
-9.477517930515236277e-02
-4.925350945080095855e-01
2.571818956605898543e-01
-5.119104054305566587e-01
4.826031044734515607e-01
-3.217027847193297818e-01
-2.562130127787515255e-02
9.172907288858135610e-02
9.130681256815047220e-02
1.931970883983950560e-01
1.836241286289042041e-01
-1.971681883975752725e-01
8.368857968940496272e-02
3.777639099697578384e-01
1.752365481978047645e-01
2.294527523808559399e-02
1.248662450026341714e-01
5.708947387753245950e-01
1.489838232778379901e-01
-4.310334032855833719e-01
2.210241417119493401e-01
5.738029162372056957e-01
-2.795804218872529057e-01
2.949529060032600736e-01
-8.408779316496949041e-02
5.028463817867191432e-01
-3.562674359339146335e-01
-1.167779124901518806e+00
4.461526462715811880e-02
2.176899952919119641e-01
-4.408240585676911905e-01
-1.053870196281611715e+00
-2.547981815939922567e-01
-7.038746890401390566e-01
-3.084978431248706632e-01
-2.029849518417541354e-01
-4.746244236191484167e-01
-5.713516922219795680e-01
1.948451478446129592e-01
-2.437278949781777615e-01
-1.088708108755747084e-01
-1.991989443697931295e-01
-6.436954723409183954e-01
-7.048551027905782806e-01
-3.973770880222199375e-01
-1.281268410369794664e-01
-3.463142570656078112e-01
1.563466592058572469e-02
-1.338071500280577086e-01
-6.659928362057865314e-02
6.622557066984180452e-01
2.027638301416739564e-01
-2.944885558485617061e-01
4.624341979124663160e-01
-1.068963851186447711e-01
-1.107742400808341410e-01
-1.458211305558956838e-01
5.442626824631786875e-02
-3.199937760747925686e-02
-8.063862369040865341e-02
-5.306579262890911974e-02
8.109113200440744018e-01
4.772348441797034657e-01
3.877752059567356191e-02
2.055016205155910658e-01
-1.279876500111092330e-01
-8.209366679381427390e-02
1.830055003726246965e-02
-6.589898862796325640e-02
7.651744173580276032e-01
-3.466275722219237521e-01
-9.083130454889773442e-03
-2.157351045706151771e-02
-1.400626236277445757e-01
6.358508316743557987e-02
2.438815384569024414e-01
-3.798106308850521806e-01
-3.139617363778837711e-01
3.248573728183712372e-01
-7.332811129867318478e-02
-1.909048193178696229e-01
7.026510259596189245e-01
-2.080687215906704968e-01
-1.535215686173255212e-02
3.097089155826260320e-01
-7.782644820253258322e-01
-1.009985029387787253e-01
3.144407141360464064e-01
-6.154861520171746037e-01
5.854346401706033570e-02
4.273484612200606492e-01
4.199870361450884770e-01
-1.774595494472231971e-01
1.835354170822806052e-02
-9.392492805326799199e-02
5.502418067416726677e-01
-3.647368382784487717e-01
8.370496730410481590e-01
3.191897715753708176e-01
2.296979881430738502e-01
-4.008262982006797759e-01
1.172967829796613126e-01
5.340363700557361204e-01
-3.555830705956893045e-03
-3.389863902229101056e-02
-2.701134118843986909e-01
2.627463108373333522e-01
3.730446073604893886e-01
-1.264343473305174492e-01
2.072903691033923523e-01
-2.456490415579798414e-01
-6.245132347119174837e-02
3.568510551454509225e-03
-2.413181973463704999e-01
-2.620799788714501810e-01
-7.053788649337064953e-01
-4.149681047540182410e-02
-4.427180633868741388e-01
2.359154992199294643e-01
-7.341633656258972351e-01
-3.867364016261722326e-01
9.799739959585676563e-02
2.266871953815967899e-01
1.517045879291014643e-01
-4.405578059601692464e-01
-7.577384742836640319e-01
2.172426865330479573e-01
-1.735235554454251858e-02
-2.596578262598601139e-01
-2.577521735344831533e-01
6.006099446828981614e-02
-7.843064412090602899e-02
-1.994243861205269308e-02
1.819710899917293123e-01
2.144024347171129274e-02
3.640935377615470703e-01
-4.416021189507803313e-01
6.913615277252427305e-03
2.626508024952594611e-01
3.101948926286552388e-01
-5.234445281002912953e-01
-1.136507110843715251e-01
2.223117351304266243e-01
-8.694101179125464374e-02
1.350573623408361512e-01
-3.264653035829508942e-01
4.078053081385836498e-02
5.493537643173339591e-01
-1.574605678120356844e-01
-4.325074681062666127e-01
1.029366670377286908e-01
6.493564382490116804e-01
-2.758479005331745393e-01
3.922548000344984742e-01
-6.429388171212080394e-01
-2.987083484768274788e-01
8.993141730157692137e-01
-6.601124525559193268e-03
5.393845200940746709e-01
-2.822524640299151066e-01
-1.341952310300966733e-01
-2.323426101501607222e-01
2.378015805918300418e-01
-1.655507340646037717e-01
-4.756549894641649845e-02
-7.127027908162784087e-01
-2.531903574135452306e-01
6.850655117003524586e-01
-5.845883494533441471e-01
-2.610409789800599567e-01
6.316098256420957791e-01
3.308852559062014365e-01
3.693467158812954731e-02
-2.634403245986707276e-01
-5.291787764319128007e-01
-3.537833552466527198e-01
2.888322088898611639e-01
1.361906150094132073e-01
-2.951278360329605971e-02
-3.111033422331272447e-01
-7.951402991920941687e-02
-5.586181501216110901e-01
2.887382999515989979e-01
3.977906508474645664e-01
1.119661859902871259e-01
-3.712892897173349360e-01
1.761101302129457202e-01
5.459442617525387398e-01
4.792751750516803522e-02
-1.915062648770054221e-01
2.135056465866190245e-01
4.420521665739480244e-01
2.970073257246459431e-01
2.269022410112671584e-01
-3.343716119511197515e-01
-3.383150647893682361e-01
1.341021419087536359e-01
4.194621925287096431e-01
1.361921935220037350e-01
-1.934365389749165831e-01
-1.490211840204208882e-01
1.007432746222179654e-01
9.232909713464247936e-01
-2.293699582927407332e-01
-4.192953771222883708e-01
3.310951182493503120e-02
2.388080222928941065e-01
3.932200937004411978e-01
6.448141874613235736e-01
-2.801156699012887774e-01
1.076859653574541442e-01
-3.880019361665122957e-01
6.463977815137496308e-02
-6.222182294973750416e-01
-4.656484017605114767e-01
2.894213558100677819e-01
-3.000021403170160528e-01
1.743833582786474268e-01
-5.232573643897836524e-01
-2.723901622417047169e-02
-1.780821414137013781e-01
7.736112697047071718e-01
5.668532666743174298e-02
1.320965818426025340e-01
-2.597220564927558706e-01
-2.725451778464759167e-01
4.489703889894074429e-01
-8.155694876552194161e-02
-2.131950968020978054e-01
-1.248028023589881075e-02
3.524139586127106316e-01
2.226685459971417258e-01
3.025929894254503760e-01
2.319806997126386827e-01
-2.685559465485287123e-01
-3.858153351897795069e-01
-5.392483520677940345e-02
-2.536833326010176637e-01
3.775604853735415878e-01
